gene_a	gene_b	label
82	19035	1
475	19035	1
801	19035	1
1159	19035	1
1194	19035	1
1572	19035	1
2295	19035	1
2333	19035	1
3062	7427	1
3062	14839	1
3062	19218	1
3062	4750	1
3062	10832	1
3062	7765	1
3062	204	1
3062	12562	1
3062	10452	1
3062	5121	1
3062	1173	1
3062	9218	1
3062	16402	1
3062	10046	1
3062	3909	1
3062	4164	1
3062	9561	1
3062	14167	1
3062	17857	1
3062	760	1
3062	6557	1
3062	63	1
3062	11260	1
3062	19155	1
3062	10366	1
3062	11986	1
3062	17873	1
3062	18652	1
3062	5922	1
3062	16549	1
3062	6349	1
3062	13952	1
3062	15821	1
3062	19627	1
3062	2947	1
3062	15070	1
3062	13562	1
3062	2968	1
3062	8062	1
3062	14890	1
3062	1759	1
3062	12547	1
3062	11761	1
3062	6915	1
3062	2932	1
3062	16111	1
3062	11154	1
3062	4911	1
3062	18318	1
3062	13241	1
3062	15627	1
3062	6362	1
3062	12201	1
3062	7929	1
3062	19259	1
3062	16560	1
3062	10978	1
3062	1522	1
3062	14032	1
3062	17432	1
3062	15964	1
3062	14263	1
3062	12573	1
3062	7809	1
3062	15041	1
3062	817	1
3062	5282	1
3062	6197	1
3062	13733	1
3062	6246	1
3062	12726	1
3062	15264	1
3062	2783	1
3062	13188	1
3062	987	1
3062	12078	1
3062	538	1
3062	9252	1
3062	14354	1
3062	4771	1
3062	4384	1
3062	5222	1
3062	10306	1
3062	880	1
3062	19556	1
3062	4093	1
3062	19937	1
3062	6332	1
3062	5741	1
3062	8509	1
3062	17651	1
3062	11265	1
3062	10307	1
3062	12121	1
3062	13795	1
3062	6511	1
3062	3211	1
3062	3990	1
3062	5902	1
3062	13529	1
3062	826	1
3062	6719	1
3062	1149	1
3062	8764	1
3062	12298	1
3062	9512	1
3062	3058	1
3062	8257	1
3062	12949	1
3062	17709	1
3062	12732	1
3062	10846	1
3062	62	1
3062	8424	1
3062	18795	1
3062	15599	1
3062	9789	1
3062	6296	1
3062	155	1
3062	8477	1
3062	16921	1
3062	5855	1
3062	11335	1
3062	18008	1
3062	11132	1
3062	6093	1
3062	15056	1
3062	5181	1
3062	14965	1
3062	10340	1
3062	14580	1
3062	426	1
3062	19455	1
3062	8304	1
3062	1988	1
3062	18872	1
3062	20001	1
3062	9609	1
3062	1841	1
3062	3486	1
3062	11990	1
3062	15140	1
3062	16036	1
3062	4170	1
3062	19706	1
3062	9672	1
3062	8126	1
3062	16127	1
3062	1536	1
3062	14531	1
3062	15088	1
3062	646	1
3062	15737	1
3062	1734	1
3062	6164	1
3062	15092	1
3062	11024	1
3062	16701	1
3062	7156	1
3062	15286	1
3062	14358	1
3062	1028	1
3062	19239	1
3062	12618	1
3062	10882	1
3062	18869	1
3062	14196	1
3062	18567	1
3062	12108	1
3062	3608	1
3062	6294	1
3062	19851	1
3062	7758	1
3062	7477	1
3062	7352	1
3062	10337	1
3062	6260	1
3062	14394	1
3062	3164	1
3062	11536	1
3062	11694	1
3062	18549	1
3062	17411	1
3062	18309	1
3062	4774	1
3062	1660	1
3062	6249	1
3062	15466	1
3062	10601	1
3062	12639	1
3062	19700	1
3062	6892	1
3062	16243	1
3062	13255	1
3062	4076	1
3062	16392	1
3062	13640	1
3062	7892	1
3062	2435	1
3062	1104	1
3062	1352	1
3062	9564	1
3062	1914	1
3062	626	1
3062	5040	1
3062	16318	1
3062	11383	1
3062	7554	1
3062	6733	1
3062	3524	1
3062	4363	1
3062	7174	1
3062	2803	1
3062	3692	1
3062	7410	1
3062	17462	1
3062	556	1
3062	13561	1
3062	3965	1
3062	8369	1
3062	13316	1
3062	10922	1
3062	7000	1
3062	18094	1
3062	16117	1
3062	11131	1
3062	16707	1
3062	8860	1
3062	4032	1
3062	465	1
3062	8402	1
3062	9344	1
3062	15817	1
3062	2132	1
3062	19137	1
3062	15017	1
3062	15814	1
3062	6138	1
3062	4357	1
3062	13777	1
3062	10913	1
3062	2687	1
3062	9038	1
3062	4887	1
3062	1270	1
3062	17441	1
3062	9656	1
3062	16179	1
3062	1702	1
3062	2845	1
3062	10363	1
3062	4666	1
3062	14278	1
3062	15164	1
3062	1554	1
3062	1071	1
3062	18542	1
3062	9552	1
3062	17958	1
3062	8198	1
3062	26	1
3062	14926	1
3062	20013	1
3062	17426	1
3062	18081	1
3062	4763	1
3062	7941	1
3062	17700	1
3062	1872	1
3062	12702	1
3062	12021	1
3062	2038	1
3062	16078	1
3062	18902	1
3062	14623	1
3062	10664	1
3062	2799	1
3062	14706	1
3062	7112	1
3062	581	1
3062	15611	1
3062	4271	1
3062	10076	1
3062	6568	1
3062	13631	1
3062	2507	1
3062	5668	1
3062	12886	1
3062	16027	1
3062	18967	1
3062	7576	1
3062	67	1
3062	8290	1
3062	8351	1
3062	3579	1
3062	14556	1
3062	16278	1
3062	2625	1
3062	17931	1
3062	12044	1
3062	18767	1
3062	18941	1
3062	1832	1
3062	13408	1
3062	15697	1
3062	1447	1
3062	8787	1
3062	1472	1
3062	14215	1
3062	5619	1
3062	7451	1
3062	18921	1
3062	7562	1
3062	19629	1
3062	4392	1
3062	7916	1
3062	17390	1
3062	9388	1
3062	8132	1
3062	2438	1
3062	18279	1
3062	9696	1
3062	4805	1
3062	9811	1
3062	4768	1
3062	14183	1
3062	3086	1
3062	15060	1
3062	19242	1
3062	10876	1
3062	8414	1
3062	1784	1
3062	19948	1
3062	8303	1
3062	5882	1
3062	3644	1
3062	8000	1
3062	4445	1
3062	15227	1
3062	16747	1
3062	937	1
3062	2412	1
3062	3992	1
3062	10497	1
3062	15864	1
3062	3223	1
3062	8716	1
3062	7476	1
3062	3059	1
3062	10005	1
3062	10047	1
3062	9520	1
3062	1232	1
3062	15101	1
3062	7678	1
3062	18379	1
3062	376	1
3062	19172	1
3062	11001	1
3062	622	1
3062	15246	1
3062	17966	1
3062	6453	1
3062	13375	1
3062	18499	1
3062	2793	1
3062	15247	1
3062	11245	1
3062	16261	1
3062	18453	1
3062	8183	1
3062	15596	1
3062	19550	1
3062	7005	1
3062	7250	1
3062	16683	1
3062	12610	1
3062	7613	1
3062	5290	1
3062	8674	1
3062	1002	1
3062	2390	1
5515	19035	1
5586	19035	1
5845	8642	1
5845	3268	1
8013	19035	1
8055	19035	1
8365	19035	1
8538	19035	1
9121	3968	1
9121	5845	1
9313	19035	1
9424	19035	1
9894	19035	1
10051	19035	1
10082	19035	1
10468	19035	1
11348	19035	1
12412	7381	1
12412	12966	1
12412	11096	1
12412	9873	1
12412	10522	1
12412	9891	1
12412	17136	1
12412	18857	1
12412	13817	1
12412	10703	1
12412	9203	1
12412	1022	1
12412	6771	1
12412	18416	1
12412	12173	1
12412	4354	1
12412	4153	1
12412	17411	1
12412	19193	1
12412	9655	1
12412	6947	1
12412	18126	1
12412	14059	1
12412	13297	1
12412	1541	1
12412	5506	1
12412	7934	1
12412	7890	1
12412	13687	1
12412	17620	1
12412	11755	1
12412	4392	1
12412	12021	1
12412	14486	1
12412	4531	1
12412	6963	1
12412	8557	1
12412	17106	1
12412	3014	1
12412	542	1
12412	15687	1
12412	371	1
12412	18048	1
12412	19953	1
12412	13978	1
12412	10113	1
12412	6460	1
12412	2604	1
12412	7200	1
12412	4939	1
12412	10908	1
12412	11041	1
12412	14569	1
12412	13888	1
12412	3263	1
12412	5001	1
12412	11845	1
12412	14056	1
12412	298	1
12412	1058	1
12412	5934	1
12412	1849	1
12412	16515	1
12412	7941	1
12412	2116	1
12412	8201	1
12412	13024	1
12412	18934	1
12412	8940	1
12412	18859	1
12412	17452	1
12412	11990	1
12412	1167	1
12412	17113	1
12412	937	1
12412	20001	1
12412	15558	1
12412	9023	1
12412	7466	1
12412	17857	1
12412	14989	1
12412	14309	1
12412	19042	1
12412	8611	1
12412	9084	1
12412	10385	1
12412	10623	1
12412	16616	1
12412	822	1
12412	9279	1
12412	5627	1
12412	5744	1
12412	16317	1
12412	10773	1
12412	2447	1
12412	11955	1
12412	9868	1
12412	13725	1
12412	14863	1
12412	11776	1
12412	16338	1
12412	4537	1
12412	62	1
12412	9462	1
12412	19426	1
12412	817	1
12412	19258	1
12412	16840	1
12412	15925	1
12412	7982	1
12412	10832	1
12412	1002	1
12412	2947	1
12412	15140	1
12412	9609	1
12412	5623	1
12412	18185	1
12412	6674	1
12412	5290	1
12412	11344	1
12412	115	1
12412	15056	1
12412	7105	1
12412	12078	1
12412	13188	1
12412	5607	1
12412	19629	1
12412	15246	1
12412	1660	1
12412	1352	1
12412	12201	1
12412	12585	1
12412	4382	1
12412	17066	1
12412	1384	1
12412	17835	1
12412	9046	1
12412	8351	1
12412	7963	1
12412	9452	1
12412	3803	1
12412	3308	1
12412	8509	1
12412	3070	1
12412	7750	1
12412	471	1
12412	18787	1
12412	4230	1
12412	11340	1
12412	1768	1
12412	2733	1
12412	19623	1
12412	13237	1
12412	8825	1
12412	9814	1
12412	8298	1
12412	10507	1
12412	922	1
12412	18005	1
12412	1554	1
12412	10336	1
12412	4919	1
12412	7554	1
12412	2173	1
12412	5826	1
12412	443	1
12412	13366	1
12412	7950	1
12412	13393	1
12412	17398	1
12412	9984	1
12412	10645	1
12412	18413	1
12412	9597	1
12412	19706	1
12412	14574	1
12412	9360	1
12412	395	1
12412	17466	1
12412	13316	1
12412	16127	1
12412	9252	1
12412	2711	1
12412	4363	1
12412	19700	1
12412	626	1
12412	1104	1
12412	6654	1
12412	3781	1
12412	12607	1
12412	16621	1
12412	3251	1
12412	2803	1
12412	18202	1
12412	48	1
12412	9724	1
12412	14082	1
12412	7558	1
12412	12316	1
12412	411	1
12412	11554	1
12412	2441	1
12412	5576	1
12412	15312	1
12412	9555	1
12412	4989	1
12412	18006	1
12412	275	1
12412	18362	1
12412	7907	1
12412	20024	1
12412	17584	1
12412	6271	1
12412	2585	1
12412	16880	1
12412	12004	1
12412	10403	1
12412	15882	1
12412	11262	1
12412	12005	1
12412	6650	1
12412	19741	1
12412	7803	1
12412	4345	1
12412	14152	1
12412	480	1
12412	13170	1
12412	9075	1
12412	7481	1
12412	6607	1
12412	17156	1
12412	5891	1
12412	13211	1
12412	1950	1
12412	3964	1
12412	7425	1
12412	2703	1
12412	2937	1
12412	13515	1
12412	7998	1
12412	14041	1
12412	12767	1
12412	18289	1
12412	1212	1
12412	8774	1
12412	5866	1
12412	15075	1
12412	9192	1
12412	11706	1
12412	10672	1
12412	2896	1
12412	16076	1
12412	13602	1
12412	7722	1
12412	19443	1
12412	7989	1
12412	4883	1
12412	14847	1
12412	12466	1
12412	16514	1
12412	26	1
12412	13767	1
12412	12899	1
12412	12496	1
12412	16945	1
12412	7304	1
12412	7738	1
12412	12378	1
12412	16223	1
12412	7005	1
12412	3003	1
12412	9111	1
12412	15041	1
12412	11132	1
12412	556	1
12412	6197	1
12412	10913	1
12412	4206	1
12412	996	1
12412	19200	1
12412	17130	1
12412	3501	1
12412	12238	1
12412	17381	1
12412	19094	1
12412	1536	1
12412	3058	1
12412	9864	1
12412	8112	1
12412	19955	1
12412	11483	1
12412	10500	1
12412	16921	1
12412	12079	1
12412	12949	1
12412	2561	1
12412	509	1
12412	14183	1
12412	4294	1
12412	3600	1
12412	12458	1
12412	177	1
12412	14944	1
12412	18222	1
12412	9953	1
12412	19211	1
12412	58	1
12412	19819	1
12412	9409	1
12412	18703	1
12412	15338	1
12412	6832	1
12412	15497	1
12412	11106	1
12412	17249	1
12412	10585	1
12412	15830	1
12560	19035	1
12866	19035	1
13016	19035	1
13019	19035	1
13476	12975	1
13476	16072	1
13516	19035	1
13544	13968	1
13544	8860	1
13544	328	1
13544	13909	1
13544	4212	1
13544	262	1
13544	1994	1
13544	10645	1
13544	9872	1
13544	6332	1
13544	15663	1
13544	11661	1
13544	7142	1
13544	5668	1
13544	2304	1
13544	18152	1
13544	10582	1
13544	13628	1
13544	13316	1
13544	13897	1
13544	12087	1
13544	4911	1
13544	15145	1
13544	7363	1
13544	2834	1
13544	11347	1
13544	6197	1
13544	13996	1
13544	10168	1
13544	18190	1
13544	11990	1
13544	13712	1
13544	5994	1
13544	5654	1
13544	7929	1
13544	966	1
13544	10986	1
13544	5500	1
13544	4659	1
13544	11031	1
13544	11718	1
13544	11966	1
13544	10313	1
13544	9483	1
13544	4886	1
13544	36	1
13544	13255	1
13544	9939	1
13544	4610	1
13544	3988	1
13544	12618	1
13544	5721	1
13544	2447	1
13544	10385	1
13544	12743	1
13544	14045	1
13544	12065	1
13544	14307	1
13544	421	1
13544	13175	1
13544	9671	1
13544	2889	1
13544	18937	1
13544	13327	1
13544	12079	1
13544	7762	1
13544	13653	1
13544	8423	1
13544	2605	1
13544	19791	1
13544	1601	1
13544	3211	1
13544	13736	1
13544	16485	1
13544	2999	1
13544	12233	1
13544	173	1
13544	7362	1
13544	1588	1
13544	8507	1
13544	16403	1
13544	17044	1
13544	7491	1
13544	18755	1
13544	15093	1
13544	2622	1
13544	8354	1
13544	7071	1
13544	17534	1
13544	17020	1
13544	7752	1
13544	14291	1
13544	10649	1
13544	15672	1
13544	16854	1
13544	19683	1
13544	19007	1
13544	5506	1
13544	14790	1
13544	1322	1
13544	4747	1
13544	15621	1
13544	180	1
13544	11914	1
13544	2803	1
13544	17452	1
13544	17314	1
13544	1167	1
13544	14545	1
13544	4745	1
13544	4451	1
13544	17751	1
13544	14780	1
13544	5511	1
13544	18934	1
13544	15424	1
13544	12824	1
13544	17318	1
13544	3487	1
13544	10071	1
13544	5484	1
13544	15748	1
13544	9247	1
13544	1183	1
13544	3086	1
13544	12169	1
13544	985	1
13544	703	1
13544	8452	1
13544	8421	1
13544	5001	1
13544	9335	1
13544	6249	1
13544	13775	1
13544	9012	1
13544	5977	1
13544	13397	1
13544	13031	1
13544	11693	1
13544	2095	1
13544	5526	1
13544	17439	1
13544	13898	1
13544	15358	1
13544	6290	1
13544	8220	1
13544	18504	1
13544	5088	1
13544	16616	1
13544	4363	1
13544	13152	1
13544	11026	1
13544	12966	1
13544	16775	1
13544	16837	1
13544	1841	1
13544	13817	1
13544	16349	1
13544	7947	1
13544	11495	1
13544	9561	1
13544	5922	1
13544	18945	1
13544	9098	1
13544	11672	1
13544	17857	1
13544	10295	1
13544	3839	1
13544	9252	1
13544	6735	1
13544	3336	1
13544	6674	1
13544	1660	1
13544	5877	1
13544	13388	1
13544	8699	1
13544	3012	1
13544	8208	1
13544	11562	1
13544	9206	1
13544	15525	1
13544	19926	1
13544	6733	1
13544	14278	1
13544	4150	1
13544	7787	1
13544	20036	1
13544	19335	1
13544	13535	1
13544	342	1
13544	169	1
13544	1950	1
13544	11351	1
13544	10773	1
13544	14486	1
13544	18006	1
13544	8825	1
13544	5740	1
13544	937	1
13544	3929	1
13544	6684	1
13544	12229	1
13544	10034	1
13544	18564	1
13544	11664	1
13544	17497	1
13544	18468	1
13544	15340	1
13544	5694	1
13544	7935	1
13544	4059	1
13544	15588	1
13544	13669	1
13544	16165	1
13544	8969	1
13544	7209	1
13544	17433	1
13544	2903	1
13544	5367	1
13544	13738	1
13544	13508	1
13544	13521	1
13544	7753	1
13544	10852	1
13544	18413	1
13544	830	1
13544	14901	1
13544	19656	1
13544	15819	1
13544	18832	1
13544	2648	1
13544	6129	1
13544	13141	1
13544	16441	1
13544	13552	1
13544	19629	1
13544	7174	1
13544	18606	1
13544	3762	1
13544	9038	1
13544	16684	1
13544	17414	1
13544	58	1
13544	12458	1
13544	1343	1
13544	12298	1
13544	7145	1
13544	16921	1
13544	11852	1
13544	16843	1
13544	15121	1
13544	14184	1
13544	19172	1
13544	17454	1
13544	10750	1
13544	12834	1
13544	7998	1
13544	10363	1
13544	8000	1
13544	14866	1
13544	5040	1
13544	9669	1
13544	15973	1
13544	8739	1
13544	5548	1
13544	1759	1
13544	411	1
13544	8112	1
13544	19955	1
13544	1042	1
13544	1613	1
13544	16840	1
13544	3672	1
13544	7907	1
13544	5891	1
13544	18222	1
13544	17584	1
13544	19709	1
13544	2687	1
13544	16560	1
13544	1173	1
13544	3579	1
13544	5290	1
13544	3549	1
13544	15070	1
13544	17398	1
13544	7367	1
13544	6987	1
13544	19532	1
13544	17341	1
13544	6251	1
13544	10895	1
13544	18604	1
13544	13366	1
13544	6213	1
13544	704	1
13544	15821	1
13544	7642	1
13544	7097	1
13544	17054	1
13544	11832	1
13544	11433	1
13544	5064	1
13544	1906	1
13544	12667	1
13544	9791	1
13544	14795	1
13544	17493	1
13544	5452	1
13544	12356	1
13544	7039	1
13544	12126	1
13544	859	1
13544	6480	1
13544	4009	1
13544	19843	1
13544	17485	1
13544	8355	1
13544	6489	1
13544	1176	1
13544	8581	1
13544	12404	1
13544	5403	1
13544	18173	1
13544	9428	1
13544	10654	1
13544	519	1
13544	8536	1
13544	5957	1
13544	14572	1
13544	17265	1
13544	1417	1
13544	18184	1
13544	4762	1
13544	305	1
13544	18949	1
13544	8988	1
13544	16508	1
13544	11576	1
13544	19567	1
13544	9392	1
13544	14785	1
13544	6508	1
13544	18281	1
13544	4271	1
13544	1605	1
13544	10047	1
13544	10922	1
13544	4707	1
13544	12886	1
13544	4625	1
13544	19399	1
13544	16975	1
13544	13584	1
13544	13614	1
13544	5063	1
13544	11256	1
13544	19149	1
13544	4528	1
13544	18499	1
13544	19556	1
13544	891	1
13544	8537	1
13995	19035	1
14012	19035	1
14527	19035	1
15030	19035	1
15667	19035	1
16072	9121	1
16072	5845	1
16510	19035	1
17259	19035	1
17522	19035	1
17875	10419	1
17875	10166	1
17875	10826	1
17875	10307	1
17875	9203	1
17875	12800	1
17875	2926	1
17875	18795	1
17875	11951	1
17875	18300	1
17875	5003	1
17875	3343	1
17875	7370	1
17875	11482	1
17875	13388	1
17875	4097	1
17875	16778	1
17875	1008	1
17875	6148	1
17875	17001	1
17875	2092	1
17875	1390	1
17875	1472	1
17875	14045	1
17875	14510	1
17875	1522	1
17875	16243	1
17875	13978	1
17875	18976	1
17875	11791	1
17875	4785	1
17875	13410	1
17875	7000	1
17875	8572	1
17875	14839	1
17875	17492	1
17875	6915	1
17875	9765	1
17875	16515	1
17875	15251	1
17875	17954	1
17875	15697	1
17875	13128	1
17875	6294	1
17875	14245	1
17875	1872	1
17875	10168	1
17875	117	1
17875	14413	1
17875	6610	1
17875	18236	1
17875	2799	1
17875	16723	1
17875	525	1
17875	9613	1
17875	8626	1
17875	17066	1
17875	9388	1
17875	19700	1
17875	17871	1
17875	3988	1
17875	18803	1
17875	19334	1
17875	3900	1
17875	8317	1
17875	18184	1
17875	542	1
17875	3692	1
17875	9678	1
17875	3086	1
17875	12809	1
17875	16025	1
17875	275	1
17875	4466	1
17875	18453	1
17875	9279	1
17875	5451	1
17875	3193	1
17875	683	1
17875	15644	1
17875	7710	1
17875	916	1
17875	17501	1
17875	19727	1
17875	7649	1
17875	11940	1
17875	12688	1
17875	5897	1
17875	803	1
17875	8913	1
17875	19237	1
17875	1210	1
17875	9268	1
17875	18362	1
17875	8764	1
17875	6608	1
17875	3501	1
17875	171	1
17875	17548	1
17875	16618	1
17875	6738	1
17875	6414	1
17875	3658	1
17875	2858	1
17875	2803	1
17875	760	1
17875	14845	1
17875	7928	1
17875	11955	1
17875	4354	1
17875	6003	1
17875	2291	1
17875	13309	1
17875	15785	1
17875	19600	1
17875	6895	1
17875	6111	1
17875	1934	1
17875	5891	1
17875	18670	1
17875	2231	1
17875	15101	1
17875	9512	1
17875	16537	1
17875	17459	1
17875	11556	1
17875	10934	1
17875	16062	1
17875	10373	1
17875	9596	1
17875	7963	1
17875	13975	1
17875	5284	1
17875	13968	1
17875	11055	1
17875	12899	1
17875	14629	1
17875	11383	1
17875	4	1
17875	3430	1
17875	14890	1
17875	13024	1
17875	13442	1
17875	7932	1
17875	8165	1
17875	14815	1
17875	19656	1
17875	14881	1
17875	5636	1
17875	11203	1
17875	9749	1
17875	6163	1
17875	3984	1
17875	3728	1
17875	9111	1
17875	7935	1
17875	17759	1
17875	8062	1
17875	5886	1
17875	4149	1
17875	17651	1
17875	14901	1
17875	16673	1
17875	9856	1
17875	18330	1
17875	18222	1
17875	11557	1
17875	2937	1
17875	19498	1
17875	5072	1
17875	8208	1
17875	1914	1
17875	5752	1
17875	5029	1
17875	2390	1
17875	7945	1
17875	13375	1
17875	4774	1
17875	2932	1
17875	18223	1
17875	12978	1
17875	11260	1
17875	13015	1
17875	11986	1
17875	9417	1
17875	15246	1
17875	7630	1
17875	18117	1
17875	581	1
17875	16725	1
17875	17462	1
17875	538	1
17875	1002	1
17875	6146	1
17875	10586	1
17875	19629	1
17875	6489	1
17875	5063	1
17875	7556	1
17875	2973	1
17875	9961	1
17875	7768	1
17875	8394	1
17875	16219	1
17875	11246	1
17875	1119	1
17875	16279	1
17875	15158	1
17875	2687	1
17875	14804	1
17875	2964	1
17875	9027	1
17875	3952	1
17875	10136	1
17875	14083	1
17875	11852	1
17875	7861	1
17875	6607	1
17875	13521	1
17875	5399	1
17875	7985	1
17875	12165	1
17875	9065	1
17875	7962	1
17875	1258	1
17875	5327	1
17875	2423	1
17875	5614	1
17875	13210	1
17875	16549	1
17875	13170	1
17875	7525	1
17875	12432	1
17875	16508	1
17875	376	1
17875	17433	1
17875	10895	1
17875	8245	1
17875	19937	1
17875	15864	1
17875	15375	1
17875	14887	1
17875	18008	1
17875	3500	1
17875	679	1
17875	18943	1
17875	11398	1
17875	2548	1
17875	15365	1
17875	17709	1
17875	5874	1
17875	10239	1
17875	7304	1
17875	2010	1
17875	9397	1
17875	15460	1
17875	18094	1
17875	14032	1
17875	6100	1
17875	1410	1
17875	19819	1
17875	16945	1
17875	2614	1
17875	18895	1
17875	18605	1
17875	9046	1
17875	9846	1
17875	16788	1
17875	13327	1
17875	11885	1
17875	5688	1
17875	5496	1
17875	3601	1
17875	17106	1
17875	8597	1
17875	17767	1
17875	15483	1
17875	3059	1
17875	20013	1
17875	14129	1
17875	9942	1
17875	8800	1
17875	6650	1
17875	9478	1
17875	1028	1
17875	1450	1
17875	6449	1
17875	5316	1
17875	3037	1
17875	14196	1
17875	18869	1
17875	5708	1
17875	7677	1
17875	4540	1
17875	13397	1
17875	16780	1
17875	3363	1
17875	15027	1
17875	17480	1
17875	16482	1
17875	14215	1
17875	11708	1
17875	19050	1
17875	11100	1
17875	11799	1
17875	9208	1
17875	11041	1
17875	763	1
17875	14564	1
17875	1137	1
17875	1841	1
17875	10942	1
17875	18880	1
17875	593	1
17875	15849	1
17875	19196	1
17875	7431	1
17875	3155	1
17875	4794	1
17875	7929	1
17875	6621	1
17875	987	1
17875	14199	1
17875	12855	1
17875	10808	1
17875	15379	1
17875	7273	1
17875	13429	1
17875	26	1
17875	6164	1
17875	4666	1
17875	11598	1
17875	12999	1
17875	18648	1
17875	13533	1
17875	17349	1
17875	10922	1
17875	17517	1
17875	8025	1
17875	6942	1
17875	19867	1
17875	13823	1
17875	3164	1
17875	17997	1
17875	2938	1
17875	15060	1
17875	2561	1
17875	626	1
17875	10076	1
17875	559	1
17875	4724	1
17875	13733	1
17875	10368	1
17875	7750	1
17875	18081	1
17875	6674	1
17875	2905	1
17875	3486	1
17875	13504	1
17875	13339	1
17875	15964	1
17875	7380	1
17875	336	1
17875	5085	1
17875	384	1
18434	19035	1
18484	19035	1
18878	19035	1
18882	19035	1
18917	19035	1
19035	12860	1
19035	10550	1
19035	3626	1
19035	1580	1
19035	16164	1
19035	7339	1
19035	7208	1
19035	16968	1
19035	5620	1
19035	12367	1
19035	11323	1
19035	18698	1
19035	8727	1
19035	18198	1
19035	19647	1
19035	1361	1
19035	5648	1
19035	5808	1
19035	14496	1
19035	19737	1
19035	18267	1
19035	7883	1
19035	17816	1
19035	11077	1
19035	10900	1
19035	2978	1
19035	5922	1
19035	3096	1
19035	18097	1
19035	1491	1
19035	1885	1
19035	14301	1
19035	15000	1
19035	15284	1
19035	985	1
19035	15364	1
19035	11110	1
19035	4740	1
19035	19513	1
19035	2992	1
19035	3515	1
19035	19921	1
19035	15211	1
19035	1284	1
19035	382	1
19035	17949	1
19035	12637	1
19035	18789	1
19035	7266	1
19035	10337	1
19035	16787	1
19035	14166	1
19035	6119	1
19035	4712	1
19035	8629	1
19035	5397	1
19035	17110	1
19035	3538	1
19035	7188	1
19035	16076	1
19035	16599	1
19035	16587	1
19035	13273	1
19035	5395	1
19035	11510	1
19035	3258	1
19290	19035	1
19442	19035	1
19565	19035	1
19646	19035	1
19742	19035	1
20025	19035	1
387	19035	1
1685	19035	1
2371	19035	1
2501	19035	1
2698	19035	1
3182	19035	1
3268	8642	1
3268	4763	1
4060	19035	1
4414	19035	1
6716	19035	1
7244	19035	1
7499	19035	1
8326	19035	1
8642	4763	1
8858	19035	1
9599	19035	1
9657	19035	1
9715	19035	1
12620	19035	1
7304	11398	0
5708	7558	0
3014	12108	0
1572	10586	0
18604	12824	0
1104	15596	0
19741	12866	0
7929	7861	0
17492	9564	0
13968	3608	0
16701	5668	0
10046	10507	0
5282	17459	0
7005	17426	0
20013	4883	0
14531	7649	0
12607	18567	0
4540	13175	0
3223	18184	0
4774	1042	0
5808	8208	0
4097	4763	0
8062	7112	0
18703	1149	0
12966	1384	0
7410	1914	0
12824	13996	0
13777	13795	0
10046	5620	0
20013	12126	0
1950	19709	0
6963	19627	0
15663	11761	0
16076	12800	0
16921	36	0
6716	7112	0
18832	7916	0
12809	3692	0
12618	13442	0
18504	13327	0
11706	18878	0
801	18882	0
12547	8699	0
11832	18289	0
13508	10826	0
17949	1058	0
4150	11664	0
13614	14866	0
16880	2614	0
2973	8132	0
7765	465	0
16485	12298	0
5576	13725	0
15817	18468	0
7208	11340	0
3839	16621	0
13975	6489	0
15000	17871	0
5496	12637	0
11096	7890	0
13442	15379	0
17054	8421	0
2333	10934	0
19700	1580	0
7765	4724	0
7304	12899	0
6674	3059	0
12044	19556	0
19172	16515	0
18279	14199	0
16027	19742	0
1536	6892	0
16338	10664	0
9388	3839	0
7451	15375	0
10168	11557	0
18803	7935	0
17314	14785	0
14556	16482	0
7431	3308	0
5636	985	0
6892	1832	0
3549	4097	0
13388	13141	0
17381	966	0
3336	5826	0
8013	14965	0
13128	12855	0
4762	3762	0
5855	4382	0
7962	9344	0
1352	11536	0
13170	10047	0
5627	9942	0
8354	13995	0
11246	18097	0
19556	11495	0
622	13141	0
19007	4919	0
11348	15830	0
11693	5452	0
19426	13309	0
9613	8699	0
8062	7039	0
13562	15375	0
4886	11347	0
16725	13725	0
12824	10550	0
7722	17265	0
12121	13975	0
8257	1491	0
3658	5845	0
9596	3601	0
19819	16549	0
8132	5397	0
1554	16164	0
17466	6480	0
8536	13996	0
3501	1605	0
5500	1988	0
8402	7477	0
20036	17759	0
7174	18795	0
5500	5399	0
395	916	0
18330	19926	0
18567	7678	0
20001	7678	0
9791	6771	0
16402	18223	0
14780	10071	0
16072	14510	0
13584	7209	0
5654	14152	0
5072	17548	0
830	4794	0
17136	9696	0
17156	17411	0
20024	3211	0
10368	18832	0
4392	4093	0
13687	2295	0
6621	7765	0
6148	7989	0
14183	19742	0
7750	9046	0
12233	11110	0
13795	4206	0
11246	3952	0
12367	5484	0
10934	11077	0
7934	4414	0
4763	556	0
12966	5085	0
10363	14041	0
3211	5668	0
6129	16683	0
17001	19556	0
12866	17835	0
3990	9268	0
17136	538	0
12169	9462	0
9462	10645	0
10882	8220	0
1210	10082	0
10750	9206	0
859	8969	0
16441	7787	0
4097	18281	0
15424	4774	0
20025	2703	0
2793	17759	0
7677	16508	0
18921	3014	0
6607	426	0
14245	7883	0
9873	509	0
8220	63	0
15340	7174	0
2905	18921	0
6733	17534	0
16787	12165	0
1042	7352	0
509	7250	0
16349	298	0
19211	11672	0
17709	12233	0
1522	17156	0
13388	2585	0
11791	336	0
18767	9252	0
4	7352	0
5001	16164	0
12165	13996	0
2648	7244	0
5891	3343	0
16243	2333	0
3803	11344	0
17759	9864	0
15375	4076	0
2304	4886	0
18330	19955	0
7244	5977	0
2937	3515	0
15667	10313	0
16485	16441	0
16616	6453	0
8727	11672	0
9478	4666	0
342	17584	0
11096	7558	0
4294	426	0
10664	12618	0
9192	17517	0
13016	16165	0
2604	20001	0
2038	4345	0
16599	14574	0
15819	3501	0
6489	4357	0
18967	14815	0
12412	17001	0
5688	13141	0
9483	6251	0
6915	18767	0
5826	9613	0
18279	13631	0
16968	18872	0
9279	3515	0
19050	20001	0
17432	9388	0
15101	16078	0
11055	19683	0
1384	18281	0
18005	3251	0
6100	5977	0
19937	9715	0
14989	8538	0
5694	15338	0
4357	12726	0
12607	67	0
2648	18453	0
8764	2698	0
15251	13562	0
7678	15497	0
9208	9552	0
14580	13397	0
16117	16537	0
13410	9669	0
8304	11323	0
859	18670	0
9483	8355	0
14291	15379	0
16945	13952	0
19455	8507	0
7556	5620	0
8988	11351	0
3500	15687	0
10645	15093	0
18184	16127	0
17997	760	0
13628	18917	0
6650	18006	0
6480	10071	0
7381	4009	0
18267	384	0
12607	17501	0
7266	8940	0
9218	16441	0
1212	10034	0
18184	16840	0
18484	4363	0
922	4032	0
16514	16854	0
18279	8421	0
18289	67	0
9098	12732	0
177	10703	0
9942	8245	0
4540	4762	0
509	18453	0
1768	12866	0
8557	4540	0
18468	17314	0
8351	4414	0
5741	9696	0
626	17341	0
15075	11557	0
5891	12726	0
17020	16515	0
2992	13375	0
11955	17958	0
17314	6480	0
593	26	0
10076	5708	0
15644	13442	0
19513	7466	0
3012	9864	0
15667	5452	0
15027	5607	0
10942	17522	0
17534	18198	0
11986	15286	0
9392	13952	0
19149	6735	0
8642	11026	0
11664	1906	0
10313	6453	0
10047	16402	0
10419	7071	0
20001	14486	0
4540	10076	0
11536	8290	0
1450	19149	0
16560	581	0
5855	17381	0
8132	16508	0
1734	8365	0
7678	10071	0
7941	6738	0
15158	7208	0
15830	18767	0
9392	8629	0
336	15817	0
17259	1734	0
13024	2978	0
4059	11265	0
13210	11951	0
1491	1284	0
8940	18117	0
14887	9891	0
18281	16261	0
817	17265	0
2291	3014	0
5284	13393	0
19050	7929	0
7613	4763	0
5327	19656	0
5619	13175	0
19565	14278	0
16027	10522	0
13767	8112	0
11256	11990	0
16317	19600	0
7039	298	0
1212	12610	0
18185	4153	0
6093	4384	0
5688	8913	0
19706	3003	0
11718	830	0
18222	475	0
3182	13584	0
18917	12585	0
8000	16402	0
16837	9428	0
1022	3343	0
10034	5064	0
2889	18202	0
19656	17001	0
19149	5399	0
9655	9478	0
8477	19791	0
11536	12412	0
275	14199	0
18934	10522	0
7000	17259	0
7945	12165	0
7950	13733	0
18787	20024	0
19196	7945	0
11951	6349	0
16392	996	0
18934	11265	0
14510	1849	0
16349	17954	0
12238	12824	0
15483	2858	0
542	2507	0
2858	11041	0
9206	5316	0
5902	6111	0
1232	966	0
760	646	0
3308	16076	0
6197	18549	0
17110	18279	0
7097	10046	0
6716	13031	0
9012	7677	0
5548	14629	0
13175	8787	0
6771	2978	0
11260	16747	0
6271	16349	0
6654	14845	0
9864	4414	0
525	9564	0
1173	305	0
16349	5001	0
15158	2561	0
13476	8509	0
4170	6963	0
7250	7145	0
803	15460	0
6489	8112	0
9360	336	0
6480	12298	0
5515	2845	0
15158	1934	0
298	11055	0
10340	18703	0
801	18048	0
19627	11914	0
15466	1522	0
13823	15365	0
19567	16599	0
4712	683	0
19443	15964	0
15227	18318	0
12169	18967	0
19442	5808	0
7753	2703	0
9791	471	0
19727	9268	0
5181	16223	0
15027	19741	0
11351	18413	0
1173	7451	0
11351	3900	0
11556	19623	0
2896	15697	0
7630	8421	0
14045	19149	0
18048	8536	0
18880	13375	0
15227	19737	0
3692	1210	0
4540	17454	0
16243	1734	0
1232	6719	0
3211	11661	0
17432	5452	0
4771	4414	0
8642	9599	0
4771	17997	0
13210	1410	0
14847	6290	0
11131	1212	0
17759	14623	0
2937	5934	0
12860	8581	0
18173	16968	0
966	11966	0
18006	2622	0
15088	4724	0
5029	1002	0
5648	6100	0
15748	12378	0
9208	18917	0
8940	1660	0
6895	6942	0
12834	8537	0
15284	8424	0
11951	6650	0
14901	5845	0
3803	17136	0
4076	9478	0
5741	4150	0
18097	6674	0
13024	12688	0
8304	1284	0
18504	5121	0
15211	2903	0
11260	11482	0
15030	155	0
581	8716	0
2858	9613	0
16076	2116	0
19155	2447	0
48	704	0
6294	3672	0
2937	7200	0
9388	6607	0
11755	16243	0
1173	3952	0
18309	14863	0
1702	5740	0
3343	9023	0
13777	9208	0
7962	13388	0
17001	7947	0
16219	9811	0
11799	2783	0
10978	13968	0
2968	9012	0
1352	13817	0
1613	18223	0
12637	4774	0
1042	10166	0
11556	6963	0
5222	10005	0
16179	1232	0
10986	2291	0
18943	17106	0
17700	11256	0
6003	17522	0
9046	3336	0
12044	18803	0
19259	10403	0
17113	1536	0
7466	16515	0
12620	12065	0
16599	9789	0
12078	10385	0
9111	13504	0
15460	3658	0
7554	5001	0
8290	5897	0
4382	8674	0
19259	5063	0
17871	7000	0
36	19727	0
12949	48	0
342	5064	0
9428	5607	0
7431	5506	0
11106	14041	0
11132	11986	0
13898	1058	0
19258	11693	0
2390	16701	0
2978	5548	0
9814	17709	0
8355	11323	0
13170	1872	0
7362	19513	0
4097	8317	0
9984	19623	0
15882	12298	0
3626	2614	0
14629	18880	0
14545	4763	0
9555	7765	0
14307	14866	0
15227	5526	0
12367	2561	0
10882	3037	0
12458	8351	0
6100	8369	0
10005	10895	0
10876	9428	0
16027	19290	0
11955	16111	0
1167	13975	0
9409	12201	0
15284	6414	0
17110	519	0
10168	18872	0
15092	7188	0
6716	14629	0
9203	8800	0
7613	298	0
17454	1734	0
9206	9599	0
15338	13898	0
17700	5957	0
4	6987	0
7932	19334	0
10306	18832	0
19237	328	0
11246	4989	0
8414	13602	0
10076	3515	0
6832	3803	0
8858	8572	0
8245	3487	0
16788	7861	0
2132	9075	0
10895	9613	0
11347	12004	0
12860	9765	0
16349	2932	0
13968	17759	0
8507	16510	0
384	10034	0
2964	12316	0
5003	5721	0
12899	12726	0
10336	16616	0
9462	9552	0
10550	19532	0
16975	6719	0
8507	12732	0
16780	12999	0
14556	6251	0
10340	18698	0
13968	4939	0
17767	7273	0
3626	7266	0
13817	6260	0
15247	3952	0
15627	15379	0
13584	18698	0
18499	1447	0
12005	14564	0
12834	17492	0
17493	9313	0
1841	17966	0
6271	5511	0
17426	1988	0
17517	9613	0
16349	15121	0
16747	13995	0
9027	11335	0
15158	12316	0
14199	13614	0
3059	4887	0
15379	17259	0
5874	830	0
7499	8611	0
12702	4712	0
13211	19727	0
6111	2964	0
13327	15925	0
5620	2938	0
13393	14804	0
803	4392	0
2858	14545	0
10452	336	0
8557	10586	0
10047	16025	0
204	20025	0
1605	3086	0
17873	3263	0
7427	5284	0
8969	10913	0
6716	15000	0
7145	6449	0
7250	4271	0
13775	19442	0
9942	14129	0
17651	7710	0
10005	4392	0
15017	2999	0
17318	11554	0
5088	16179	0
305	13504	0
9811	5740	0
6557	13015	0
9811	9344	0
5826	9596	0
10900	2231	0
8860	19237	0
2703	9657	0
13725	10082	0
14082	15460	0
13476	5496	0
19172	26	0
6987	8509	0
7431	16775	0
10468	4883	0
4528	18413	0
2905	16616	0
5395	14183	0
4785	9564	0
9656	10808	0
2412	16338	0
6003	11110	0
2423	15247	0
10366	17620	0
9789	19035	0
12087	7556	0
8787	6332	0
9696	19259	0
1028	8764	0
9428	17517	0
801	4149	0
18857	14901	0
13909	16621	0
15588	6246	0
1784	18878	0
4149	5500	0
891	15088	0
9953	4164	0
5845	15211	0
8394	14989	0
371	18698	0
18767	7105	0
1210	13429	0
14574	13897	0
7941	7762	0
15882	14183	0
4445	14129	0
17534	5627	0
2687	14354	0
1994	15264	0
20024	117	0
16179	14358	0
8365	4805	0
1588	36	0
4919	58	0
9961	3538	0
9894	9483	0
3839	17106	0
8611	985	0
19155	342	0
18453	8198	0
17411	7710	0
5668	7499	0
12201	12800	0
1008	5397	0
17349	19550	0
11706	1343	0
4384	1137	0
18185	2799	0
987	471	0
10922	11885	0
16701	7934	0
6568	6362	0
7039	11256	0
13175	6164	0
18184	4886	0
8557	3486	0
12702	6610	0
12562	8402	0
17871	18008	0
7768	19218	0
18202	15830	0
8062	1173	0
8452	13504	0
17709	11495	0
16402	9252	0
6111	15525	0
16673	11990	0
15644	11661	0
4	7752	0
16164	1390	0
10468	11791	0
171	13516	0
2412	4451	0
13738	4989	0
14574	2441	0
10601	9609	0
5085	17873	0
1685	7750	0
11791	6963	0
1119	16111	0
16076	18976	0
4707	4354	0
12547	8062	0
8699	5668	0
14301	19042	0
7362	17066	0
1149	7410	0
8536	1119	0
14890	1554	0
9417	12860	0
12610	7174	0
17462	17816	0
5327	1914	0
6332	4212	0
6684	5327	0
16062	14245	0
14184	5886	0
4740	519	0
19426	9098	0
13898	8126	0
275	18605	0
13241	15525	0
18413	6197	0
10832	8642	0
3308	14527	0
11672	15964	0
2132	16701	0
996	12667	0
5526	9555	0
6719	16549	0
16111	14890	0
5586	7765	0
9084	19035	0
1352	18097	0
9192	16164	0
12005	7809	0
4149	8183	0
10672	12004	0
17020	4771	0
12585	16165	0
10664	17767	0
4093	15830	0
760	9279	0
10168	1002	0
11672	9789	0
4206	7466	0
48	19737	0
5694	5451	0
14041	17341	0
17522	8727	0
4363	3487	0
4762	5121	0
15093	18184	0
4153	16673	0
5088	18117	0
16684	19149	0
18880	11914	0
8402	2703	0
3601	11706	0
18434	17485	0
19258	9678	0
19741	3692	0
19290	14863	0
1210	1417	0
13442	18604	0
9512	11755	0
8860	10168	0
62	11495	0
13733	12169	0
13397	9206	0
6093	13544	0
11986	18567	0
11951	14056	0
18309	16616	0
17381	3003	0
13521	19196	0
14196	16843	0
18008	4768	0
3626	4271	0
1104	8000	0
18698	2333	0
16027	15088	0
17759	18976	0
14263	2390	0
7200	13388	0
2703	15060	0
10336	5327	0
10336	13736	0
9856	6332	0
4724	16621	0
7890	4076	0
14291	3062	0
5451	17314	0
14263	11755	0
10307	12860	0
18184	17700	0
18857	10986	0
13273	7710	0
18413	9313	0
2231	2291	0
17835	14301	0
7803	376	0
704	2698	0
17548	4805	0
966	9121	0
12087	15611	0
7998	14890	0
14790	12949	0
17949	7266	0
10497	5403	0
17949	11031	0
11256	11761	0
18202	19629	0
683	15140	0
15737	16945	0
3965	2733	0
14564	2625	0
6251	9111	0
1572	15424	0
7174	2648	0
17020	1605	0
6650	4763	0
3308	8674	0
9084	9428	0
2799	1872	0
12201	15667	0
3037	2010	0
16514	2926	0
16747	1071	0
18859	2548	0
3692	13712	0
2999	19937	0
556	12860	0
19791	18236	0
12087	4625	0
15460	18223	0
11914	5740	0
16514	7982	0
9791	4076	0
14032	20025	0
12978	19937	0
1950	7071	0
1008	5403	0
5526	7431	0
11131	2834	0
14358	17857	0
17492	19629	0
2932	16072	0
4883	14183	0
16078	17110	0
4093	16402	0
17441	18832	0
7722	7982	0
15525	15599	0
6621	1522	0
13442	10034	0
382	17517	0
3501	2371	0
17318	12834	0
12834	9856	0
4528	2622	0
9561	11245	0
13237	1022	0
7451	14572	0
2889	18309	0
14780	14989	0
1176	4745	0
7907	1906	0
11799	13669	0
1685	13628	0
9023	7427	0
11132	8423	0
14129	17709	0
8572	18198	0
3929	14847	0
18236	15821	0
5808	18152	0
3193	6489	0
1914	11024	0
16441	10337	0
8739	9478	0
19442	880	0
13397	4625	0
2947	11885	0
5548	17439	0
387	7982	0
7174	7738	0
2291	5668	0
9046	15830	0
8290	7244	0
7381	5636	0
6129	11562	0
9715	5752	0
15075	7466	0
3988	3515	0
8536	7380	0
1832	19442	0
4230	9597	0
16880	1002	0
13316	18190	0
19600	13712	0
8055	18832	0
9111	8126	0
9027	14183	0
1119	5648	0
5740	6480	0
4537	13504	0
1008	2423	0
14944	14531	0
67	12667	0
18789	7750	0
8421	3012	0
15027	2932	0
10649	10913	0
16587	11776	0
9268	7562	0
8860	9561	0
11031	2793	0
11885	3211	0
17066	18289	0
4747	17439	0
15338	7765	0
16318	13016	0
5741	17439	0
13476	13602	0
7363	5694	0
6260	1580	0
15864	18008	0
8739	3182	0
11110	6138	0
16514	11693	0
7787	16117	0
13628	15227	0
12165	155	0
4150	12688	0
2132	5576	0
2896	18670	0
8298	7188	0
3626	15158	0
7758	5627	0
1472	13393	0
16261	8062	0
1784	9206	0
10882	5451	0
19948	7352	0
1022	5994	0
8025	15460	0
5668	9984	0
2438	2605	0
18605	679	0
18289	2304	0
5367	12688	0
7787	13515	0
2968	5855	0
9483	3909	0
16485	10986	0
7962	7477	0
4466	328	0
17958	2938	0
3524	20001	0
3762	411	0
62	14780	0
9279	2291	0
19937	14012	0
12573	16683	0
15145	4537	0
11246	2295	0
4384	17044	0
3012	7803	0
10649	1934	0
17584	11598	0
6148	10368	0
14152	9669	0
13024	9597	0
5515	2905	0
4149	14486	0
6511	10986	0
7642	7998	0
13817	17759	0
1950	17548	0
11598	11245	0
5395	8201	0
10336	8126	0
9335	9724	0
9868	11096	0
15830	5957	0
15340	19498	0
7005	12458	0
12547	11265	0
8629	15017	0
17534	13024	0
6246	2333	0
2858	10166	0
1472	5614	0
17020	12999	0
17873	4059	0
12949	19921	0
1042	17466	0
5001	14056	0
19455	10071	0
9696	4659	0
10313	7142	0
19200	2092	0
4774	16179	0
11914	3803	0
5506	12126	0
5290	13516	0
3070	4170	0
387	2585	0
14059	9478	0
7809	4170	0
11661	2625	0
9111	15672	0
3003	3929	0
3781	18318	0
17816	3952	0
9268	9344	0
11077	7753	0
17314	7678	0
14564	7758	0
17452	17136	0
5526	6414	0
13795	19155	0
4149	8538	0
11718	11055	0
6100	19498	0
11260	14887	0
16027	1384	0
7710	7928	0
19937	18921	0
11347	1491	0
3263	14278	0
11986	8208	0
5548	17493	0
7476	11761	0
14307	17381	0
376	15101	0
2978	14569	0
8858	421	0
12065	15667	0
985	13995	0
15925	6260	0
15164	18126	0
426	411	0
4345	67	0
19646	13031	0
13535	3988	0
15041	6963	0
9111	16349	0
3964	4919	0
5064	15284	0
7630	12233	0
6332	4745	0
10986	13316	0
6148	1384	0
5994	4666	0
13978	169	0
3549	19567	0
298	18499	0
11986	19137	0
18670	14790	0
7642	7963	0
646	8290	0
7556	11026	0
12800	2585	0
2711	3058	0
16127	8112	0
9873	14866	0
8860	11554	0
9192	1183	0
15687	4610	0
8365	13515	0
12367	1071	0
11755	7339	0
11852	15558	0
6362	5072	0
12767	7890	0
15466	4887	0
13408	13584	0
13653	6568	0
14569	14839	0
4537	7381	0
18453	3059	0
9121	5826	0
7554	4989	0
2978	9065	0
20025	117	0
13897	16278	0
9452	7787	0
14847	13031	0
19937	16537	0
4531	13777	0
16725	822	0
1137	6453	0
9268	16723	0
12809	16482	0
18223	1447	0
8424	11383	0
16482	1536	0
18499	8572	0
2733	17411	0
1284	7352	0
16621	4747	0
17398	11024	0
17459	18008	0
3211	13339	0
17548	16111	0
17620	18902	0
15312	18872	0
1832	12173	0
12618	11554	0
9218	2371	0
9065	16025	0
2968	2038	0
18648	18789	0
13817	7142	0
6557	18223	0
3839	14847	0
12126	703	0
7304	14510	0
10585	9672	0
6480	18937	0
14629	15819	0
14881	7380	0
9417	13393	0
5121	9846	0
17620	19819	0
11348	2116	0
15030	19623	0
9672	9555	0
6332	10846	0
14083	15483	0
18976	9424	0
7989	4785	0
1580	12610	0
18648	18152	0
9872	5994	0
12667	19211	0
9046	5614	0
7809	12065	0
7962	18542	0
9724	13817	0
18484	4540	0
1849	11706	0
3728	18008	0
9872	3965	0
11672	19035	0
17265	13888	0
13628	8000	0
13375	11260	0
13170	9192	0
11672	7105	0
1784	16778	0
9561	4537	0
17493	18605	0
8132	16618	0
2964	16127	0
4414	2092	0
15284	17954	0
8642	9789	0
19239	1002	0
9344	19239	0
13738	5607	0
12201	4445	0
5668	155	0
4170	16618	0
8126	15158	0
9313	12610	0
2412	11131	0
5451	10340	0
16036	7380	0
12978	4666	0
16219	14881	0
10046	16485	0
14166	2648	0
7934	3964	0
13442	9561	0
10307	19550	0
5648	13898	0
13316	7803	0
7266	13888	0
17584	17433	0
9846	9046	0
11482	14059	0
2507	10826	0
14496	13388	0
471	14059	0
11661	18126	0
10166	5001	0
4805	3086	0
538	15088	0
3781	19399	0
15088	4625	0
15864	6449	0
14245	10047	0
9552	17265	0
2889	13995	0
17751	12021	0
18309	10419	0
3263	8183	0
8257	19565	0
10773	14706	0
19727	18605	0
16111	3992	0
15088	2423	0
17398	4659	0
15041	14569	0
2010	5648	0
18152	1022	0
7145	6915	0
9218	4774	0
10934	3012	0
7410	19442	0
16968	8317	0
14413	16392	0
3058	7005	0
6895	7554	0
11661	9655	0
2291	8424	0
19727	13273	0
17492	11344	0
18789	10882	0
3672	15424	0
12547	4206	0
17751	15070	0
8537	16837	0
4149	9894	0
5977	19498	0
13561	5668	0
1988	9613	0
2092	7982	0
9335	14545	0
3336	11398	0
8787	8537	0
16621	18902	0
5003	12547	0
4707	6650	0
10645	2333	0
1447	18185	0
9409	4763	0
19137	7890	0
16837	20036	0
3900	5902	0
13897	13031	0
5845	14785	0
8126	18967	0
15030	16514	0
5977	15821	0
1849	4271	0
48	15227	0
471	14926	0
1384	5399	0
10307	5620	0
14572	18008	0
18413	8969	0
1384	3900	0
18945	9203	0
11885	760	0
16537	12610	0
15030	20025	0
18504	7381	0
646	13388	0
3501	328	0
559	2116	0
305	3211	0
19926	18126	0
9814	4059	0
15211	10522	0
9597	12560	0
3952	13410	0
9555	14780	0
8183	11154	0
9279	11556	0
1849	14032	0
11335	3251	0
2937	8969	0
12065	4785	0
5040	12233	0
14815	16788	0
16482	14291	0
18279	7339	0
18236	3900	0
11845	5708	0
7738	15227	0
15611	7425	0
15140	17110	0
6608	7642	0
7861	7613	0
3988	18117	0
15340	10922	0
5866	18795	0
3258	17414	0
17700	12356	0
10585	5316	0
4805	17452	0
7352	11260	0
11554	4032	0
13442	2173	0
14629	13975	0
17454	17480	0
6963	5752	0
1002	387	0
18152	14887	0
13968	16968	0
19921	7752	0
7642	916	0
9811	18468	0
18484	17873	0
3803	12607	0
6111	3059	0
13968	4466	0
17110	11024	0
9344	18859	0
7787	11340	0
17871	2304	0
13128	3965	0
16854	18542	0
18542	1167	0
8626	11672	0
1058	11799	0
9397	6719	0
17966	7758	0
15667	5752	0
18880	5741	0
19042	6489	0
19242	18859	0
19442	17767	0
1588	15964	0
2548	13273	0
4745	16549	0
9247	5399	0
3086	8477	0
17390	12688	0
7427	13898	0
5694	15364	0
342	9360	0
3223	760	0
1232	1284	0
12966	9791	0
19623	5741	0
16318	6650	0
19926	14183	0
371	9417	0
19556	4939	0
3900	7809	0
12458	10913	0
9942	3515	0
7266	16843	0
9428	4170	0
11245	3182	0
2698	9789	0
5855	3363	0
11096	683	0
17873	4763	0
13733	10942	0
4097	9789	0
20001	3965	0
18945	9942	0
12667	17522	0
15121	4445	0
18648	11110	0
859	13015	0
9696	2605	0
2968	17871	0
17871	8860	0
7947	3058	0
16587	4740	0
801	4712	0
7861	12610	0
8538	371	0
17414	11940	0
15027	5882	0
10703	17452	0
6915	18917	0
5515	9609	0
5897	11340	0
8013	7427	0
13521	14527	0
8245	8317	0
19259	4	0
15158	6733	0
1702	5452	0
3487	18006	0
19646	7476	0
14263	11482	0
985	14167	0
17001	12404	0
15424	11344	0
6480	4774	0
18223	9671	0
18281	3692	0
14989	11672	0
19498	11664	0
12169	18549	0
7380	7932	0
13024	7803	0
817	937	0
13031	4392	0
11031	9953	0
10942	5882	0
8132	15621	0
8414	1212	0
2947	2896	0
17459	6213	0
12356	7678	0
7174	16788	0
2703	15164	0
5855	17426	0
14183	7642	0
1119	18882	0
19565	2548	0
9613	8477	0
2333	18006	0
11031	2295	0
9247	11852	0
15092	3500	0
3059	519	0
17426	384	0
19258	8126	0
9749	262	0
8699	3644	0
9388	20025	0
6148	14706	0
13375	14804	0
12126	13393	0
14545	14307	0
13817	2926	0
4707	16278	0
15364	5877	0
2614	704	0
10082	14839	0
4989	9065	0
17751	18434	0
6489	10664	0
9657	2548	0
13795	12667	0
10773	5619	0
15286	7890	0
7916	646	0
8062	5694	0
13408	1002	0
11132	16179	0
2501	8858	0
16968	16684	0
17958	16843	0
7431	13128	0
5708	4540	0
5452	4345	0
11955	8452	0
15621	19921	0
7556	4724	0
8132	6832	0
3308	3003	0
13019	9268	0
20036	4384	0
9279	8365	0
18484	6942	0
8507	6832	0
16921	6568	0
8220	5399	0
11246	5064	0
18267	13996	0
4919	155	0
5001	17441	0
17548	13141	0
17020	16403	0
13297	376	0
14847	11799	0
13273	1210	0
3070	18857	0
14815	9203	0
9483	8025	0
4666	13410	0
15060	3909	0
4382	6987	0
9218	6146	0
16840	3984	0
5284	17432	0
13393	9597	0
1119	4707	0
15027	18484	0
9846	11761	0
4357	12004	0
13504	18126	0
11718	16441	0
12975	5977	0
3014	14564	0
5891	8774	0
10649	15737	0
5327	1988	0
11562	2548	0
8557	11106	0
1042	6164	0
15785	2561	0
7998	6296	0
15211	13736	0
5808	13736	0
4768	1352	0
12126	9657	0
19706	519	0
8611	1885	0
1841	19242	0
13898	19532	0
117	13397	0
2304	18117	0
2858	3672	0
9868	14944	0
169	12078	0
5397	6895	0
6138	11495	0
679	17466	0
2095	7304	0
13241	7370	0
13024	171	0
2703	16618	0
10986	1384	0
16279	15246	0
8572	12316	0
