a	b
16384.0	0
65540.0	1
16389.0	2
81927.0	3
65547.0	4
49164.0	5
65554.0	6
81941.0	7
32791.0	8
16407.0	9
49178.0	10
32796.0	11
16413.0	12
30.0	13
81949.0	14
34.0	15
32803.0	16
65570.0	17
65573.0	18
49187.0	19
81962.0	20
65579.0	21
32813.0	22
16429.0	23
49199.0	24
65584.0	25
16437.0	26
32822.0	27
65594.0	28
32834.0	29
65608.0	30
32842.0	31
81995.0	32
76.0	33
81.0	34
32852.0	35
86.0	36
65631.0	37
49247.0	38
49249.0	39
49251.0	40
49252.0	41
82022.0	42
65643.0	43
107.0	44
32881.0	45
117.0	46
82040.0	47
16505.0	48
32890.0	49
16507.0	50
65666.0	51
82050.0	52
32905.0	53
49289.0	54
140.0	55
82062.0	56
16529.0	57
65683.0	58
32917.0	59
16533.0	60
49304.0	61
16537.0	62
82075.0	63
16540.0	64
65693.0	65
49310.0	66
32935.0	67
16556.0	68
65708.0	69
32940.0	70
82095.0	71
32944.0	72
49330.0	73
65718.0	74
187.0	75
82108.0	76
32959.0	77
16580.0	78
65735.0	79
65737.0	80
82124.0	81
65747.0	82
32980.0	83
49366.0	84
32983.0	85
65753.0	86
82139.0	87
16604.0	88
49373.0	89
49374.0	90
65767.0	91
65768.0	92
233.0	93
32999.0	94
49390.0	95
238.0	96
82162.0	97
16632.0	98
16634.0	99
252.0	100
33023.0	101
82175.0	102
255.0	103
33025.0	104
49409.0	105
16642.0	106
82185.0	107
65806.0	108
33039.0	109
49424.0	110
275.0	111
33047.0	112
33049.0	113
82201.0	114
33051.0	115
49434.0	116
16666.0	117
49436.0	118
49438.0	119
49446.0	120
65833.0	121
65834.0	122
16681.0	123
49452.0	124
49453.0	125
16685.0	126
65842.0	127
82229.0	128
49464.0	129
82241.0	130
65861.0	131
16712.0	132
33097.0	133
49483.0	134
333.0	135
65874.0	136
49491.0	137
340.0	138
82262.0	139
82263.0	140
65881.0	141
82268.0	142
65886.0	143
354.0	144
49508.0	145
16742.0	146
49512.0	147
361.0	148
65898.0	149
16745.0	150
33136.0	151
65908.0	152
375.0	153
49532.0	154
82301.0	155
16766.0	156
16767.0	157
16775.0	158
82312.0	159
65929.0	160
82313.0	161
405.0	162
82326.0	163
65943.0	164
16792.0	165
33178.0	166
410.0	167
422.0	168
16820.0	169
33208.0	170
443.0	171
16828.0	172
444.0	173
82366.0	174
16835.0	175
16837.0	176
456.0	177
16845.0	178
82384.0	179
49616.0	180
16848.0	181
82392.0	182
82393.0	183
49630.0	184
49631.0	185
82409.0	186
49644.0	187
501.0	188
16885.0	189
16889.0	190
33287.0	191
521.0	192
16911.0	193
16913.0	194
82450.0	195
537.0	196
33316.0	197
82470.0	198
16935.0	199
16934.0	200
49705.0	201
558.0	202
66094.0	203
33331.0	204
82488.0	205
16953.0	206
66115.0	207
66116.0	208
33347.0	209
33358.0	210
33360.0	211
82520.0	212
604.0	213
82528.0	214
33380.0	215
82532.0	216
66150.0	217
49764.0	218
49769.0	219
49770.0	220
66155.0	221
626.0	222
33395.0	223
66165.0	224
632.0	225
66170.0	226
66173.0	227
66174.0	228
49789.0	229
640.0	230
49794.0	231
17029.0	232
33415.0	233
82569.0	234
17034.0	235
66187.0	236
82572.0	237
17035.0	238
33423.0	239
17039.0	240
49808.0	241
82577.0	242
660.0	243
661.0	244
49813.0	245
66202.0	246
666.0	247
66207.0	248
672.0	249
33441.0	250
33447.0	251
66216.0	252
33448.0	253
17065.0	254
49837.0	255
82606.0	256
49838.0	257
17073.0	258
82612.0	259
17079.0	260
17081.0	261
33471.0	262
33473.0	263
82625.0	264
82628.0	265
33478.0	266
49863.0	267
49866.0	268
33485.0	269
49875.0	270
17107.0	271
17110.0	272
49880.0	273
49883.0	274
66272.0	275
33510.0	276
743.0	277
49897.0	278
748.0	279
66290.0	280
33522.0	281
49906.0	282
17139.0	283
66296.0	284
33529.0	285
33530.0	286
763.0	287
49914.0	288
766.0	289
66303.0	290
66304.0	291
776.0	292
82696.0	293
49932.0	294
33550.0	295
788.0	296
66325.0	297
49940.0	298
49941.0	299
17176.0	300
17177.0	301
49947.0	302
798.0	303
82721.0	304
49956.0	305
49958.0	306
816.0	307
66353.0	308
49968.0	309
33590.0	310
33592.0	311
825.0	312
82746.0	313
49980.0	314
66378.0	315
843.0	316
49997.0	317
50003.0	318
82777.0	319
17243.0	320
33629.0	321
17247.0	322
867.0	323
50020.0	324
82790.0	325
50025.0	326
17258.0	327
82800.0	328
17267.0	329
82809.0	330
66431.0	331
17280.0	332
50047.0	333
82821.0	334
82823.0	335
906.0	336
33676.0	337
82829.0	338
17294.0	339
33680.0	340
17298.0	341
82834.0	342
17299.0	343
918.0	344
919.0	345
922.0	346
33694.0	347
82853.0	348
33703.0	349
938.0	350
33707.0	351
82860.0	352
944.0	353
33715.0	354
952.0	355
33722.0	356
33726.0	357
33727.0	358
960.0	359
17347.0	360
82884.0	361
17348.0	362
966.0	363
50119.0	364
82888.0	365
17352.0	366
17355.0	367
974.0	368
17359.0	369
66515.0	370
981.0	371
66518.0	372
17365.0	373
33760.0	374
995.0	375
82919.0	376
33770.0	377
33772.0	378
50160.0	379
82933.0	380
17398.0	381
50171.0	382
1021.0	383
50173.0	384
17406.0	385
82944.0	386
50177.0	387
66562.0	388
33807.0	389
50193.0	390
66579.0	391
17427.0	392
33815.0	393
50200.0	394
50208.0	395
1059.0	396
50212.0	397
66602.0	398
17452.0	399
17453.0	400
82990.0	401
1074.0	402
82995.0	403
82998.0	404
82999.0	405
66621.0	406
66624.0	407
66629.0	408
33862.0	409
66632.0	410
83018.0	411
50251.0	412
33869.0	413
50254.0	414
83028.0	415
17495.0	416
33880.0	417
17496.0	418
50264.0	419
50266.0	420
33884.0	421
33885.0	422
50267.0	423
83034.0	424
50268.0	425
66658.0	426
1122.0	427
1124.0	428
66661.0	429
33893.0	430
1127.0	431
83042.0	432
83043.0	433
50276.0	434
17510.0	435
17513.0	436
66671.0	437
17523.0	438
17525.0	439
66678.0	440
66683.0	441
17533.0	442
83070.0	443
33926.0	444
1162.0	445
1163.0	446
1165.0	447
66702.0	448
33934.0	449
17549.0	450
1175.0	451
50329.0	452
1178.0	453
83098.0	454
50331.0	455
66719.0	456
50337.0	457
17570.0	458
17571.0	459
50346.0	460
83115.0	461
83118.0	462
83119.0	463
50352.0	464
33970.0	465
83123.0	466
50356.0	467
83129.0	468
33979.0	469
50363.0	470
17597.0	471
1215.0	472
33984.0	473
50370.0	474
33987.0	475
83139.0	476
50372.0	477
33990.0	478
66759.0	479
50377.0	480
17611.0	481
50380.0	482
50390.0	483
50391.0	484
83159.0	485
34011.0	486
66779.0	487
34012.0	488
17642.0	489
83187.0	490
66804.0	491
83192.0	492
17658.0	493
34045.0	494
1277.0	495
50431.0	496
1282.0	497
34050.0	498
66820.0	499
17667.0	500
50438.0	501
1287.0	502
83209.0	503
66826.0	504
83211.0	505
83213.0	506
83217.0	507
17683.0	508
66836.0	509
50453.0	510
66842.0	511
1313.0	512
50466.0	513
66853.0	514
1317.0	515
83237.0	516
83246.0	517
1327.0	518
50485.0	519
1336.0	520
1337.0	521
17721.0	522
34108.0	523
83267.0	524
34117.0	525
83270.0	526
1353.0	527
50507.0	528
34126.0	529
50510.0	530
83278.0	531
34129.0	532
17742.0	533
83280.0	534
66912.0	535
66914.0	536
34151.0	537
1386.0	538
17773.0	539
34159.0	540
34160.0	541
17777.0	542
66930.0	543
17781.0	544
66933.0	545
1397.0	546
83318.0	547
17783.0	548
34170.0	549
34171.0	550
34172.0	551
1404.0	552
1406.0	553
83324.0	554
66944.0	555
17789.0	556
50560.0	557
50564.0	558
83333.0	559
66952.0	560
83337.0	561
1420.0	562
66956.0	563
17804.0	564
50579.0	565
1428.0	566
83350.0	567
17816.0	568
1433.0	569
66970.0	570
1438.0	571
34213.0	572
66982.0	573
1447.0	574
50599.0	575
83372.0	576
66989.0	577
50606.0	578
1455.0	579
50610.0	580
34227.0	581
1459.0	582
50613.0	583
66999.0	584
34235.0	585
67003.0	586
1468.0	587
50623.0	588
1475.0	589
83395.0	590
50630.0	591
67018.0	592
83403.0	593
34255.0	594
1487.0	595
17873.0	596
34259.0	597
34260.0	598
83413.0	599
83425.0	600
83429.0	601
83431.0	602
67052.0	603
67054.0	604
83447.0	605
34296.0	606
34298.0	607
83455.0	608
67077.0	609
83461.0	610
1549.0	611
17936.0	612
17937.0	613
67089.0	614
83473.0	615
1556.0	616
67093.0	617
34329.0	618
50713.0	619
50714.0	620
50716.0	621
50719.0	622
17954.0	623
67107.0	624
1571.0	625
34341.0	626
17959.0	627
1576.0	628
34346.0	629
34347.0	630
67120.0	631
83506.0	632
1587.0	633
83512.0	634
83514.0	635
34362.0	636
17978.0	637
83517.0	638
1599.0	639
17983.0	640
1602.0	641
50756.0	642
34374.0	643
50760.0	644
1609.0	645
34379.0	646
17995.0	647
50772.0	648
34389.0	649
18005.0	650
67160.0	651
34393.0	652
18009.0	653
50780.0	654
18014.0	655
50783.0	656
1633.0	657
67172.0	658
34404.0	659
50791.0	660
50793.0	661
83562.0	662
18025.0	663
1645.0	664
50797.0	665
83567.0	666
18034.0	667
83570.0	668
67188.0	669
18037.0	670
50806.0	671
18040.0	672
83577.0	673
67194.0	674
1659.0	675
83580.0	676
67197.0	677
18043.0	678
83588.0	679
1671.0	680
83591.0	681
67210.0	682
18058.0	683
34444.0	684
50829.0	685
18063.0	686
83601.0	687
1682.0	688
83603.0	689
50838.0	690
18074.0	691
83610.0	692
67229.0	693
34463.0	694
67235.0	695
67236.0	696
83619.0	697
83620.0	698
18088.0	699
18091.0	700
50861.0	701
34480.0	702
1713.0	703
83635.0	704
34491.0	705
67260.0	706
83646.0	707
67265.0	708
34497.0	709
50882.0	710
18117.0	711
83653.0	712
83659.0	713
34511.0	714
83663.0	715
34520.0	716
18136.0	717
34522.0	718
1755.0	719
50908.0	720
50911.0	721
50915.0	722
50916.0	723
34534.0	724
18151.0	725
18152.0	726
1770.0	727
34544.0	728
83708.0	729
83710.0	730
18175.0	731
50944.0	732
67329.0	733
67330.0	734
34563.0	735
18178.0	736
50947.0	737
1799.0	738
83719.0	739
50952.0	740
83725.0	741
67343.0	742
83727.0	743
34580.0	744
18200.0	745
83739.0	746
18204.0	747
83743.0	748
67360.0	749
1824.0	750
67362.0	751
1829.0	752
34597.0	753
1835.0	754
83755.0	755
18219.0	756
18222.0	757
18223.0	758
67377.0	759
1849.0	760
67388.0	761
1852.0	762
83772.0	763
83782.0	764
67400.0	765
1865.0	766
83784.0	767
1869.0	768
1877.0	769
51032.0	770
34650.0	771
18268.0	772
1890.0	773
34661.0	774
83814.0	775
18279.0	776
1897.0	777
1898.0	778
1899.0	779
1900.0	780
1901.0	781
34670.0	782
34671.0	783
83824.0	784
51059.0	785
18294.0	786
51068.0	787
18302.0	788
51071.0	789
51073.0	790
51076.0	791
1927.0	792
18311.0	793
34698.0	794
67466.0	795
34700.0	796
18314.0	797
1935.0	798
1936.0	799
18320.0	800
34706.0	801
67475.0	802
67480.0	803
67485.0	804
67486.0	805
18333.0	806
83870.0	807
83872.0	808
1956.0	809
34727.0	810
67498.0	811
83885.0	812
67503.0	813
51120.0	814
51122.0	815
51127.0	816
83899.0	817
18363.0	818
83901.0	819
67518.0	820
83903.0	821
34752.0	822
34755.0	823
67523.0	824
83909.0	825
1990.0	826
83910.0	827
83918.0	828
1999.0	829
51156.0	830
51160.0	831
18393.0	832
2010.0	833
34779.0	834
2019.0	835
34796.0	836
2041.0	837
83964.0	838
83977.0	839
18445.0	840
83982.0	841
51215.0	842
34833.0	843
51224.0	844
2073.0	845
18458.0	846
2077.0	847
18461.0	848
18470.0	849
34855.0	850
67625.0	851
18474.0	852
18475.0	853
34862.0	854
67632.0	855
51249.0	856
84018.0	857
84020.0	858
34872.0	859
84024.0	860
51257.0	861
34875.0	862
51259.0	863
2109.0	864
84027.0	865
84029.0	866
18494.0	867
84031.0	868
84033.0	869
2116.0	870
84036.0	871
18500.0	872
2119.0	873
34887.0	874
67660.0	875
51278.0	876
67662.0	877
34900.0	878
34904.0	879
67673.0	880
51292.0	881
2144.0	882
51297.0	883
67683.0	884
67698.0	885
2164.0	886
34932.0	887
2166.0	888
51324.0	889
84093.0	890
18560.0	891
2178.0	892
34947.0	893
67716.0	894
51331.0	895
18564.0	896
34951.0	897
18571.0	898
51340.0	899
2192.0	900
84116.0	901
51360.0	902
34977.0	903
34979.0	904
67749.0	905
51366.0	906
2224.0	907
67762.0	908
34996.0	909
35000.0	910
67769.0	911
35006.0	912
35009.0	913
84162.0	914
18625.0	915
51402.0	916
67789.0	917
67791.0	918
2256.0	919
2255.0	920
51411.0	921
67797.0	922
84185.0	923
2268.0	924
51420.0	925
84194.0	926
18660.0	927
51432.0	928
51435.0	929
51438.0	930
84208.0	931
2289.0	932
67825.0	933
18676.0	934
2293.0	935
84213.0	936
67831.0	937
51447.0	938
51449.0	939
2298.0	940
2299.0	941
84217.0	942
84218.0	943
51456.0	944
35074.0	945
51462.0	946
35080.0	947
35083.0	948
35090.0	949
18706.0	950
84242.0	951
35101.0	952
84256.0	953
35108.0	954
35109.0	955
2351.0	956
2355.0	957
2357.0	958
2359.0	959
84279.0	960
84281.0	961
18748.0	962
35133.0	963
51517.0	964
2367.0	965
51519.0	966
18755.0	967
84292.0	968
18761.0	969
2378.0	970
35147.0	971
35146.0	972
18769.0	973
35154.0	974
51539.0	975
2390.0	976
51544.0	977
51545.0	978
84321.0	979
51554.0	980
2405.0	981
84326.0	982
18791.0	983
51561.0	984
18795.0	985
51563.0	986
67953.0	987
18801.0	988
67956.0	989
84342.0	990
35190.0	991
35191.0	992
67960.0	993
67958.0	994
67961.0	995
51574.0	996
18810.0	997
84350.0	998
18822.0	999
18823.0	1000
18825.0	1001
2443.0	1002
51596.0	1003
67979.0	1004
35214.0	1005
18828.0	1006
51613.0	1007
51614.0	1008
35232.0	1009
2465.0	1010
84385.0	1011
51619.0	1012
84390.0	1013
2470.0	1014
68013.0	1015
51629.0	1016
35247.0	1017
18861.0	1018
51630.0	1019
84400.0	1020
35254.0	1021
2487.0	1022
18870.0	1023
18872.0	1024
35260.0	1025
84416.0	1026
84420.0	1027
51653.0	1028
84422.0	1029
68039.0	1030
84424.0	1031
35273.0	1032
2507.0	1033
35275.0	1034
51664.0	1035
84433.0	1036
84432.0	1037
68052.0	1038
35287.0	1039
68056.0	1040
84440.0	1041
2523.0	1042
18907.0	1043
84443.0	1044
2526.0	1045
84444.0	1046
18914.0	1047
84451.0	1048
51683.0	1049
84453.0	1050
2539.0	1051
51694.0	1052
84465.0	1053
35316.0	1054
18933.0	1055
18936.0	1056
18944.0	1057
68098.0	1058
18946.0	1059
2565.0	1060
68107.0	1061
18956.0	1062
68112.0	1063
2576.0	1064
51729.0	1065
18963.0	1066
68117.0	1067
51735.0	1068
18976.0	1069
2597.0	1070
35367.0	1071
35368.0	1072
51754.0	1073
68142.0	1074
84527.0	1075
68146.0	1076
51762.0	1077
84534.0	1078
35385.0	1079
19001.0	1080
68156.0	1081
51775.0	1082
35396.0	1083
84549.0	1084
84552.0	1085
35404.0	1086
35405.0	1087
19020.0	1088
68177.0	1089
84561.0	1090
51794.0	1091
35412.0	1092
2644.0	1093
19029.0	1094
68183.0	1095
51799.0	1096
68186.0	1097
84574.0	1098
68191.0	1099
35427.0	1100
35429.0	1101
19045.0	1102
2663.0	1103
51814.0	1104
35437.0	1105
35446.0	1106
19062.0	1107
35448.0	1108
68217.0	1109
35451.0	1110
84604.0	1111
19068.0	1112
68222.0	1113
2688.0	1114
84612.0	1115
84613.0	1116
2695.0	1117
68231.0	1118
2696.0	1119
51847.0	1120
2699.0	1121
68238.0	1122
19095.0	1123
84633.0	1124
2715.0	1125
19101.0	1126
2718.0	1127
2722.0	1128
84643.0	1129
84646.0	1130
35497.0	1131
2729.0	1132
84652.0	1133
84654.0	1134
35503.0	1135
2740.0	1136
68277.0	1137
84660.0	1138
51894.0	1139
19127.0	1140
84670.0	1141
84680.0	1142
68302.0	1143
51919.0	1144
2774.0	1145
84695.0	1146
51928.0	1147
84697.0	1148
19163.0	1149
68317.0	1150
68318.0	1151
2786.0	1152
2794.0	1153
84715.0	1154
51946.0	1155
2797.0	1156
19179.0	1157
84718.0	1158
51950.0	1159
2803.0	1160
19188.0	1161
35574.0	1162
35575.0	1163
2808.0	1164
68345.0	1165
35583.0	1166
84739.0	1167
19204.0	1168
51973.0	1169
35596.0	1170
51989.0	1171
35610.0	1172
84766.0	1173
2847.0	1174
2848.0	1175
84767.0	1176
68387.0	1177
2852.0	1178
2853.0	1179
2854.0	1180
19238.0	1181
52008.0	1182
35627.0	1183
19243.0	1184
68397.0	1185
2862.0	1186
35630.0	1187
84780.0	1188
35635.0	1189
19253.0	1190
35638.0	1191
52022.0	1192
68409.0	1193
68415.0	1194
35648.0	1195
2880.0	1196
19266.0	1197
84803.0	1198
84807.0	1199
52039.0	1200
19276.0	1201
35662.0	1202
19279.0	1203
35664.0	1204
84817.0	1205
35666.0	1206
68439.0	1207
68441.0	1208
19289.0	1209
2908.0	1210
2910.0	1211
84832.0	1212
52070.0	1213
52071.0	1214
19305.0	1215
52076.0	1216
19309.0	1217
52081.0	1218
35698.0	1219
2932.0	1220
2933.0	1221
84853.0	1222
19317.0	1223
52085.0	1224
2942.0	1225
68479.0	1226
19329.0	1227
19331.0	1228
35718.0	1229
84873.0	1230
84880.0	1231
52115.0	1232
19350.0	1233
19352.0	1234
68508.0	1235
68514.0	1236
2979.0	1237
35748.0	1238
52134.0	1239
68520.0	1240
52145.0	1241
35761.0	1242
68531.0	1243
2998.0	1244
84920.0	1245
68538.0	1246
3003.0	1247
19386.0	1248
52163.0	1249
35782.0	1250
19400.0	1251
52169.0	1252
68556.0	1253
52174.0	1254
84944.0	1255
19413.0	1256
19417.0	1257
68573.0	1258
19430.0	1259
19431.0	1260
3048.0	1261
52201.0	1262
68588.0	1263
52206.0	1264
35823.0	1265
52207.0	1266
35829.0	1267
19446.0	1268
52215.0	1269
68602.0	1270
84988.0	1271
84991.0	1272
19461.0	1273
35848.0	1274
85003.0	1275
3085.0	1276
52237.0	1277
19473.0	1278
85011.0	1279
35862.0	1280
3100.0	1281
3101.0	1282
52252.0	1283
3103.0	1284
35875.0	1285
52263.0	1286
19496.0	1287
68650.0	1288
68651.0	1289
52270.0	1290
85042.0	1291
85046.0	1292
68663.0	1293
19511.0	1294
85053.0	1295
3137.0	1296
35908.0	1297
68684.0	1298
35917.0	1299
3150.0	1300
35923.0	1301
19544.0	1302
19545.0	1303
52313.0	1304
3163.0	1305
85082.0	1306
85083.0	1307
52315.0	1308
68715.0	1309
35955.0	1310
52342.0	1311
35962.0	1312
85116.0	1313
52350.0	1314
68735.0	1315
19587.0	1316
19589.0	1317
19592.0	1318
68744.0	1319
3212.0	1320
68749.0	1321
85136.0	1322
85137.0	1323
85142.0	1324
68760.0	1325
3225.0	1326
35994.0	1327
35993.0	1328
52380.0	1329
68770.0	1330
3234.0	1331
85155.0	1332
52390.0	1333
68777.0	1334
36010.0	1335
52394.0	1336
36013.0	1337
52397.0	1338
19632.0	1339
3249.0	1340
36017.0	1341
85172.0	1342
19638.0	1343
36024.0	1344
85176.0	1345
85177.0	1346
85186.0	1347
68805.0	1348
3273.0	1349
85193.0	1350
85194.0	1351
85197.0	1352
19665.0	1353
19668.0	1354
52441.0	1355
3291.0	1356
68833.0	1357
52449.0	1358
85219.0	1359
3302.0	1360
52454.0	1361
19687.0	1362
85226.0	1363
19690.0	1364
19693.0	1365
3315.0	1366
68859.0	1367
19708.0	1368
19710.0	1369
3330.0	1370
52485.0	1371
68872.0	1372
85256.0	1373
68880.0	1374
85264.0	1375
19729.0	1376
52505.0	1377
19738.0	1378
68899.0	1379
85287.0	1380
85288.0	1381
52519.0	1382
3370.0	1383
68907.0	1384
68910.0	1385
68911.0	1386
36145.0	1387
68914.0	1388
3378.0	1389
52530.0	1390
3385.0	1391
52538.0	1392
85308.0	1393
36163.0	1394
19780.0	1395
36167.0	1396
36173.0	1397
68941.0	1398
3407.0	1399
3408.0	1400
36177.0	1401
36178.0	1402
85325.0	1403
19790.0	1404
19793.0	1405
19799.0	1406
85340.0	1407
68959.0	1408
19809.0	1409
52579.0	1410
36197.0	1411
52581.0	1412
85353.0	1413
19819.0	1414
68972.0	1415
19823.0	1416
3441.0	1417
85364.0	1418
85367.0	1419
3453.0	1420
85373.0	1421
36224.0	1422
85376.0	1423
3456.0	1424
68993.0	1425
52610.0	1426
3465.0	1427
36236.0	1428
19855.0	1429
85392.0	1430
19860.0	1431
85397.0	1432
3487.0	1433
36255.0	1434
69025.0	1435
3490.0	1436
69023.0	1437
19881.0	1438
19883.0	1439
52651.0	1440
52655.0	1441
85432.0	1442
69050.0	1443
52670.0	1444
69056.0	1445
69061.0	1446
85445.0	1447
3527.0	1448
3528.0	1449
3530.0	1450
36303.0	1451
69077.0	1452
3542.0	1453
52693.0	1454
85463.0	1455
69083.0	1456
19931.0	1457
36319.0	1458
36320.0	1459
19942.0	1460
19948.0	1461
19951.0	1462
36336.0	1463
69106.0	1464
52724.0	1465
69110.0	1466
19962.0	1467
3583.0	1468
69121.0	1469
19969.0	1470
19976.0	1471
3593.0	1472
85516.0	1473
3602.0	1474
19986.0	1475
52756.0	1476
3606.0	1477
69144.0	1478
69145.0	1479
3611.0	1480
3613.0	1481
69150.0	1482
85543.0	1483
20007.0	1484
85544.0	1485
3627.0	1486
20011.0	1487
69167.0	1488
85551.0	1489
3638.0	1490
3641.0	1491
52802.0	1492
85573.0	1493
3657.0	1494
85578.0	1495
3660.0	1496
69198.0	1497
36432.0	1498
85586.0	1499
36438.0	1500
3673.0	1501
20057.0	1502
36443.0	1503
69212.0	1504
3675.0	1505
52830.0	1506
85600.0	1507
3683.0	1508
36452.0	1509
85605.0	1510
52841.0	1511
85610.0	1512
36460.0	1513
69228.0	1514
85614.0	1515
52849.0	1516
3698.0	1517
85619.0	1518
52852.0	1519
85618.0	1520
52854.0	1521
3705.0	1522
85625.0	1523
85627.0	1524
3708.0	1525
85630.0	1526
85632.0	1527
3713.0	1528
3718.0	1529
3719.0	1530
52870.0	1531
85647.0	1532
85652.0	1533
20117.0	1534
36503.0	1535
85659.0	1536
52895.0	1537
20129.0	1538
69282.0	1539
69283.0	1540
36517.0	1541
20133.0	1542
3754.0	1543
36523.0	1544
20139.0	1545
69294.0	1546
3758.0	1547
85678.0	1548
3762.0	1549
20146.0	1550
69300.0	1551
3767.0	1552
36537.0	1553
85692.0	1554
36545.0	1555
20162.0	1556
3780.0	1557
85709.0	1558
85710.0	1559
36563.0	1560
69336.0	1561
20188.0	1562
85724.0	1563
85726.0	1564
52959.0	1565
36577.0	1566
36581.0	1567
85734.0	1568
52967.0	1569
69357.0	1570
36589.0	1571
20208.0	1572
85748.0	1573
69368.0	1574
69369.0	1575
52985.0	1576
20220.0	1577
20222.0	1578
36610.0	1579
52996.0	1580
85765.0	1581
36615.0	1582
85767.0	1583
69385.0	1584
36619.0	1585
3852.0	1586
85771.0	1587
85776.0	1588
3860.0	1589
36634.0	1590
3868.0	1591
36636.0	1592
36643.0	1593
36647.0	1594
53033.0	1595
85802.0	1596
20267.0	1597
69423.0	1598
36656.0	1599
20271.0	1600
53043.0	1601
69429.0	1602
36662.0	1603
69431.0	1604
36669.0	1605
36671.0	1606
36673.0	1607
3910.0	1608
36680.0	1609
85832.0	1610
36682.0	1611
3915.0	1612
20296.0	1613
20301.0	1614
20304.0	1615
36688.0	1616
3920.0	1617
85842.0	1618
20309.0	1619
3927.0	1620
3936.0	1621
53090.0	1622
3941.0	1623
3949.0	1624
20333.0	1625
69487.0	1626
36720.0	1627
85872.0	1628
53104.0	1629
69492.0	1630
3963.0	1631
69500.0	1632
20348.0	1633
85890.0	1634
20354.0	1635
69514.0	1636
85899.0	1637
69519.0	1638
85904.0	1639
69523.0	1640
69525.0	1641
20373.0	1642
69528.0	1643
36767.0	1644
85920.0	1645
85921.0	1646
36770.0	1647
85923.0	1648
69541.0	1649
36776.0	1650
53160.0	1651
36788.0	1652
20405.0	1653
36790.0	1654
4022.0	1655
69562.0	1656
85947.0	1657
4028.0	1658
53180.0	1659
85949.0	1660
69568.0	1661
4034.0	1662
85955.0	1663
69573.0	1664
36806.0	1665
36807.0	1666
4040.0	1667
20428.0	1668
36814.0	1669
85966.0	1670
36816.0	1671
85970.0	1672
36822.0	1673
4055.0	1674
36825.0	1675
4064.0	1676
85990.0	1677
69607.0	1678
85991.0	1679
20454.0	1680
20462.0	1681
53232.0	1682
36858.0	1683
20474.0	1684
4098.0	1685
36869.0	1686
69640.0	1687
20489.0	1688
86026.0	1689
4111.0	1690
69647.0	1691
36884.0	1692
53268.0	1693
86043.0	1694
20512.0	1695
4131.0	1696
36901.0	1697
4133.0	1698
53290.0	1699
53291.0	1700
36908.0	1701
69682.0	1702
53298.0	1703
20531.0	1704
20533.0	1705
69686.0	1706
36918.0	1707
86070.0	1708
53304.0	1709
53306.0	1710
20545.0	1711
69700.0	1712
36933.0	1713
86084.0	1714
20551.0	1715
4179.0	1716
36948.0	1717
36947.0	1718
20563.0	1719
53334.0	1720
36952.0	1721
20568.0	1722
4189.0	1723
4196.0	1724
86121.0	1725
4205.0	1726
69742.0	1727
20589.0	1728
86131.0	1729
69750.0	1730
53366.0	1731
36984.0	1732
20599.0	1733
53370.0	1734
53374.0	1735
69759.0	1736
4225.0	1737
86145.0	1738
69770.0	1739
69773.0	1740
37007.0	1741
69776.0	1742
86161.0	1743
53401.0	1744
4253.0	1745
53406.0	1746
69800.0	1747
69801.0	1748
20649.0	1749
37035.0	1750
4276.0	1751
69814.0	1752
4280.0	1753
53433.0	1754
37053.0	1755
86211.0	1756
86212.0	1757
4293.0	1758
37070.0	1759
20686.0	1760
4308.0	1761
20694.0	1762
53462.0	1763
37088.0	1764
53472.0	1765
37090.0	1766
37092.0	1767
53476.0	1768
53478.0	1769
20712.0	1770
4336.0	1771
20720.0	1772
20722.0	1773
69875.0	1774
20725.0	1775
53504.0	1776
53512.0	1777
53514.0	1778
4363.0	1779
69899.0	1780
20748.0	1781
37134.0	1782
53517.0	1783
86286.0	1784
37138.0	1785
37139.0	1786
53526.0	1787
37143.0	1788
53528.0	1789
37145.0	1790
86297.0	1791
37150.0	1792
37151.0	1793
4386.0	1794
4387.0	1795
53539.0	1796
4389.0	1797
37157.0	1798
53540.0	1799
69928.0	1800
69930.0	1801
37162.0	1802
20780.0	1803
4394.0	1804
53550.0	1805
4401.0	1806
53553.0	1807
4403.0	1808
53556.0	1809
20792.0	1810
20794.0	1811
53563.0	1812
4412.0	1813
69948.0	1814
4415.0	1815
53569.0	1816
4419.0	1817
53572.0	1818
20810.0	1819
53581.0	1820
20814.0	1821
37202.0	1822
69970.0	1823
69972.0	1824
20819.0	1825
86362.0	1826
69992.0	1827
20844.0	1828
20849.0	1829
53622.0	1830
70008.0	1831
4473.0	1832
4474.0	1833
70010.0	1834
37244.0	1835
4478.0	1836
70018.0	1837
4482.0	1838
53638.0	1839
20876.0	1840
53646.0	1841
37263.0	1842
20884.0	1843
70038.0	1844
37271.0	1845
70040.0	1846
4505.0	1847
70041.0	1848
37275.0	1849
4502.0	1850
20894.0	1851
37279.0	1852
70048.0	1853
86441.0	1854
70058.0	1855
4526.0	1856
86449.0	1857
53681.0	1858
4532.0	1859
37300.0	1860
53685.0	1861
4536.0	1862
86456.0	1863
20921.0	1864
37307.0	1865
70076.0	1866
86458.0	1867
20926.0	1868
4546.0	1869
86470.0	1870
70093.0	1871
20944.0	1872
70096.0	1873
86483.0	1874
53719.0	1875
4568.0	1876
20955.0	1877
20956.0	1878
70109.0	1879
37344.0	1880
4576.0	1881
70115.0	1882
86505.0	1883
70122.0	1884
53737.0	1885
20970.0	1886
20973.0	1887
53743.0	1888
20975.0	1889
4595.0	1890
70132.0	1891
4596.0	1892
4598.0	1893
37366.0	1894
20979.0	1895
20988.0	1896
20993.0	1897
53762.0	1898
37380.0	1899
21000.0	1900
37387.0	1901
37391.0	1902
86543.0	1903
53779.0	1904
21014.0	1905
4637.0	1906
53795.0	1907
37412.0	1908
70188.0	1909
70191.0	1910
4656.0	1911
53808.0	1912
53816.0	1913
53818.0	1914
4667.0	1915
86592.0	1916
53824.0	1917
21063.0	1918
21064.0	1919
70219.0	1920
70222.0	1921
37455.0	1922
70225.0	1923
53853.0	1924
37470.0	1925
21087.0	1926
21089.0	1927
53863.0	1928
86635.0	1929
53870.0	1930
21104.0	1931
86644.0	1932
21109.0	1933
4726.0	1934
53881.0	1935
70269.0	1936
53885.0	1937
37509.0	1938
4744.0	1939
37514.0	1940
86669.0	1941
21137.0	1942
4760.0	1943
53914.0	1944
37532.0	1945
37535.0	1946
37538.0	1947
70306.0	1948
21158.0	1949
4775.0	1950
53928.0	1951
21162.0	1952
37548.0	1953
4781.0	1954
21168.0	1955
4785.0	1956
37554.0	1957
37556.0	1958
53940.0	1959
86713.0	1960
37566.0	1961
21182.0	1962
86718.0	1963
21183.0	1964
53950.0	1965
4806.0	1966
4814.0	1967
21207.0	1968
70362.0	1969
37595.0	1970
53979.0	1971
37601.0	1972
4833.0	1973
86754.0	1974
70377.0	1975
4842.0	1976
21230.0	1977
53998.0	1978
86772.0	1979
86773.0	1980
37622.0	1981
54005.0	1982
70394.0	1983
21242.0	1984
21245.0	1985
4862.0	1986
4864.0	1987
21252.0	1988
37638.0	1989
4872.0	1990
37640.0	1991
21258.0	1992
37646.0	1993
4879.0	1994
37648.0	1995
4880.0	1996
21265.0	1997
21266.0	1998
86802.0	1999
37653.0	2000
54039.0	2001
21275.0	2002
86812.0	2003
54044.0	2004
4894.0	2005
54045.0	2006
86814.0	2007
37665.0	2008
4897.0	2009
86819.0	2010
4900.0	2011
86821.0	2012
21290.0	2013
21297.0	2014
21298.0	2015
54066.0	2016
70452.0	2017
86837.0	2018
86843.0	2019
4926.0	2020
37695.0	2021
21310.0	2022
54080.0	2023
4931.0	2024
86855.0	2025
70473.0	2026
4938.0	2027
54092.0	2028
37711.0	2029
37717.0	2030
4949.0	2031
37719.0	2032
37720.0	2033
4951.0	2034
21337.0	2035
37727.0	2036
37730.0	2037
4965.0	2038
86886.0	2039
21354.0	2040
54123.0	2041
70509.0	2042
21357.0	2043
21358.0	2044
86895.0	2045
21362.0	2046
21365.0	2047
37751.0	2048
4984.0	2049
86905.0	2050
21371.0	2051
37756.0	2052
4990.0	2053
37758.0	2054
4992.0	2055
4994.0	2056
54146.0	2057
21380.0	2058
70535.0	2059
54153.0	2060
70539.0	2061
37771.0	2062
5008.0	2063
54163.0	2064
54166.0	2065
86936.0	2066
86943.0	2067
37792.0	2068
21407.0	2069
54175.0	2070
37798.0	2071
70567.0	2072
21415.0	2073
54187.0	2074
5036.0	2075
37805.0	2076
86958.0	2077
54192.0	2078
21431.0	2079
5048.0	2080
5049.0	2081
86969.0	2082
37820.0	2083
86972.0	2084
21437.0	2085
86975.0	2086
70595.0	2087
37828.0	2088
70597.0	2089
54214.0	2090
70600.0	2091
37836.0	2092
70605.0	2093
86991.0	2094
5072.0	2095
21459.0	2096
21463.0	2097
5080.0	2098
86999.0	2099
21473.0	2100
70626.0	2101
54245.0	2102
37862.0	2103
87017.0	2104
70639.0	2105
54256.0	2106
21488.0	2107
37875.0	2108
54262.0	2109
54263.0	2110
37881.0	2111
87035.0	2112
5118.0	2113
87039.0	2114
21506.0	2115
87044.0	2116
37894.0	2117
70663.0	2118
54279.0	2119
87051.0	2120
21516.0	2121
70669.0	2122
87053.0	2123
54287.0	2124
54288.0	2125
70677.0	2126
87061.0	2127
87062.0	2128
87064.0	2129
70684.0	2130
37920.0	2131
37923.0	2132
54309.0	2133
70696.0	2134
21545.0	2135
87082.0	2136
5163.0	2137
5164.0	2138
70700.0	2139
70704.0	2140
37937.0	2141
21553.0	2142
87090.0	2143
87091.0	2144
54327.0	2145
54328.0	2146
5177.0	2147
37945.0	2148
54329.0	2149
5180.0	2150
87098.0	2151
37954.0	2152
87108.0	2153
54341.0	2154
21575.0	2155
54346.0	2156
54353.0	2157
5202.0	2158
37972.0	2159
87126.0	2160
87130.0	2161
54362.0	2162
5216.0	2163
21601.0	2164
21602.0	2165
37989.0	2166
70757.0	2167
54373.0	2168
37992.0	2169
5226.0	2170
37995.0	2171
70765.0	2172
37998.0	2173
5234.0	2174
5235.0	2175
54388.0	2176
70773.0	2177
54389.0	2178
5239.0	2179
87159.0	2180
54391.0	2181
38011.0	2182
70780.0	2183
87165.0	2184
70782.0	2185
54396.0	2186
54400.0	2187
70788.0	2188
87173.0	2189
38024.0	2190
70794.0	2191
70797.0	2192
87194.0	2193
70818.0	2194
38051.0	2195
38050.0	2196
70821.0	2197
5286.0	2198
38053.0	2199
38058.0	2200
5291.0	2201
21684.0	2202
5309.0	2203
38077.0	2204
54462.0	2205
21696.0	2206
5313.0	2207
21698.0	2208
54466.0	2209
70853.0	2210
87238.0	2211
38095.0	2212
5328.0	2213
5331.0	2214
5345.0	2215
87267.0	2216
38119.0	2217
21736.0	2218
87273.0	2219
21741.0	2220
70894.0	2221
87278.0	2222
5365.0	2223
21751.0	2224
87287.0	2225
54523.0	2226
5377.0	2227
5379.0	2228
70915.0	2229
5385.0	2230
21773.0	2231
87309.0	2232
5398.0	2233
5401.0	2234
54553.0	2235
87324.0	2236
54561.0	2237
87332.0	2238
70949.0	2239
38183.0	2240
70951.0	2241
38185.0	2242
21799.0	2243
87336.0	2244
21806.0	2245
70959.0	2246
70960.0	2247
38192.0	2248
87346.0	2249
21811.0	2250
54580.0	2251
70965.0	2252
21813.0	2253
21814.0	2254
87351.0	2255
21817.0	2256
21818.0	2257
21819.0	2258
38204.0	2259
70978.0	2260
54597.0	2261
87372.0	2262
5457.0	2263
5458.0	2264
21843.0	2265
5461.0	2266
21848.0	2267
54618.0	2268
71006.0	2269
71008.0	2270
54630.0	2271
71015.0	2272
71018.0	2273
38253.0	2274
71021.0	2275
87408.0	2276
87411.0	2277
54646.0	2278
21881.0	2279
54650.0	2280
5499.0	2281
38268.0	2282
38269.0	2283
21882.0	2284
38272.0	2285
5506.0	2286
71042.0	2287
87426.0	2288
71050.0	2289
5515.0	2290
38283.0	2291
38285.0	2292
54667.0	2293
5521.0	2294
21906.0	2295
87448.0	2296
71065.0	2297
21917.0	2298
54695.0	2299
71080.0	2300
5546.0	2301
5547.0	2302
38318.0	2303
54708.0	2304
71093.0	2305
21948.0	2306
5565.0	2307
5566.0	2308
21949.0	2309
21952.0	2310
21953.0	2311
71108.0	2312
21959.0	2313
54729.0	2314
21962.0	2315
54730.0	2316
54732.0	2317
21967.0	2318
38352.0	2319
21970.0	2320
71123.0	2321
5588.0	2322
71124.0	2323
38358.0	2324
21971.0	2325
38361.0	2326
87516.0	2327
21986.0	2328
21987.0	2329
71143.0	2330
71144.0	2331
38384.0	2332
54768.0	2333
38386.0	2334
71157.0	2335
71162.0	2336
54778.0	2337
71164.0	2338
22011.0	2339
22012.0	2340
71170.0	2341
22024.0	2342
38412.0	2343
54798.0	2344
22031.0	2345
38417.0	2346
22035.0	2347
38420.0	2348
71189.0	2349
87573.0	2350
38423.0	2351
5657.0	2352
71195.0	2353
22044.0	2354
54813.0	2355
54816.0	2356
22051.0	2357
54820.0	2358
71208.0	2359
22058.0	2360
54828.0	2361
71214.0	2362
5679.0	2363
87599.0	2364
54843.0	2365
5696.0	2366
71232.0	2367
22082.0	2368
71236.0	2369
38469.0	2370
71239.0	2371
54857.0	2372
71244.0	2373
5711.0	2374
38487.0	2375
22103.0	2376
54875.0	2377
71263.0	2378
71264.0	2379
38497.0	2380
5730.0	2381
71265.0	2382
22114.0	2383
87657.0	2384
71278.0	2385
71279.0	2386
22130.0	2387
54899.0	2388
22133.0	2389
87672.0	2390
71292.0	2391
87678.0	2392
5759.0	2393
87680.0	2394
22145.0	2395
22150.0	2396
38535.0	2397
87687.0	2398
87688.0	2399
22155.0	2400
54924.0	2401
71316.0	2402
5785.0	2403
71322.0	2404
22169.0	2405
54939.0	2406
22172.0	2407
54941.0	2408
87715.0	2409
71333.0	2410
87718.0	2411
71335.0	2412
71336.0	2413
5801.0	2414
87722.0	2415
5803.0	2416
71339.0	2417
22186.0	2418
22198.0	2419
5823.0	2420
71359.0	2421
87750.0	2422
5838.0	2423
54992.0	2424
71382.0	2425
38615.0	2426
22230.0	2427
54999.0	2428
38618.0	2429
87773.0	2430
87775.0	2431
87776.0	2432
22241.0	2433
38630.0	2434
55015.0	2435
5864.0	2436
55017.0	2437
22250.0	2438
55018.0	2439
22252.0	2440
55020.0	2441
38641.0	2442
5879.0	2443
38650.0	2444
38653.0	2445
55038.0	2446
55044.0	2447
5894.0	2448
22281.0	2449
22282.0	2450
87817.0	2451
5900.0	2452
38670.0	2453
87823.0	2454
38672.0	2455
87825.0	2456
22290.0	2457
87826.0	2458
22291.0	2459
87830.0	2460
22301.0	2461
71458.0	2462
71460.0	2463
55077.0	2464
5930.0	2465
22315.0	2466
87850.0	2467
55084.0	2468
87854.0	2469
5935.0	2470
22319.0	2471
22318.0	2472
5938.0	2473
22323.0	2474
38708.0	2475
71477.0	2476
22326.0	2477
55098.0	2478
22331.0	2479
87867.0	2480
38717.0	2481
5950.0	2482
55101.0	2483
22338.0	2484
38724.0	2485
5957.0	2486
38725.0	2487
87879.0	2488
22344.0	2489
22343.0	2490
38730.0	2491
87883.0	2492
55121.0	2493
55127.0	2494
38745.0	2495
71520.0	2496
5985.0	2497
5984.0	2498
38753.0	2499
22368.0	2500
38758.0	2501
87913.0	2502
5994.0	2503
87914.0	2504
22379.0	2505
55146.0	2506
22377.0	2507
71543.0	2508
55160.0	2509
55162.0	2510
22398.0	2511
87940.0	2512
6023.0	2513
55178.0	2514
6032.0	2515
71572.0	2516
87956.0	2517
71576.0	2518
71577.0	2519
55195.0	2520
38813.0	2521
55197.0	2522
87966.0	2523
38818.0	2524
87972.0	2525
6053.0	2526
38824.0	2527
22441.0	2528
71600.0	2529
55222.0	2530
87991.0	2531
87997.0	2532
38849.0	2533
71619.0	2534
6084.0	2535
55235.0	2536
55240.0	2537
55242.0	2538
22476.0	2539
88014.0	2540
22482.0	2541
38869.0	2542
71638.0	2543
22487.0	2544
6104.0	2545
38872.0	2546
55257.0	2547
55260.0	2548
71653.0	2549
55269.0	2550
88038.0	2551
55273.0	2552
22519.0	2553
6138.0	2554
71676.0	2555
71677.0	2556
6141.0	2557
38911.0	2558
88064.0	2559
6145.0	2560
88066.0	2561
6152.0	2562
22537.0	2563
71690.0	2564
22539.0	2565
71692.0	2566
6159.0	2567
38928.0	2568
38934.0	2569
6168.0	2570
55329.0	2571
71714.0	2572
6180.0	2573
6186.0	2574
71723.0	2575
38956.0	2576
88109.0	2577
22574.0	2578
88115.0	2579
55348.0	2580
88118.0	2581
71737.0	2582
38970.0	2583
6206.0	2584
88126.0	2585
88133.0	2586
22598.0	2587
22599.0	2588
22607.0	2589
38994.0	2590
6230.0	2591
71768.0	2592
6234.0	2593
6235.0	2594
22619.0	2595
71779.0	2596
22630.0	2597
6248.0	2598
71787.0	2599
6254.0	2600
71791.0	2601
71798.0	2602
71805.0	2603
88189.0	2604
88191.0	2605
71810.0	2606
6276.0	2607
39045.0	2608
39046.0	2609
22663.0	2610
22664.0	2611
6281.0	2612
88199.0	2613
71824.0	2614
88208.0	2615
6291.0	2616
71828.0	2617
71830.0	2618
88215.0	2619
6298.0	2620
71834.0	2621
55450.0	2622
6303.0	2623
39074.0	2624
6307.0	2625
88228.0	2626
22693.0	2627
22696.0	2628
39081.0	2629
88234.0	2630
55470.0	2631
55471.0	2632
88241.0	2633
88243.0	2634
22710.0	2635
55481.0	2636
39101.0	2637
55488.0	2638
39106.0	2639
71876.0	2640
6344.0	2641
55497.0	2642
88270.0	2643
39118.0	2644
71888.0	2645
88271.0	2646
55506.0	2647
22742.0	2648
6362.0	2649
6364.0	2650
88284.0	2651
6366.0	2652
71903.0	2653
6369.0	2654
71905.0	2655
6370.0	2656
55521.0	2657
88290.0	2658
55527.0	2659
6381.0	2660
88302.0	2661
22766.0	2662
6387.0	2663
22772.0	2664
39156.0	2665
6390.0	2666
22775.0	2667
6392.0	2668
55547.0	2669
55549.0	2670
39167.0	2671
55555.0	2672
6409.0	2673
6410.0	2674
71947.0	2675
71945.0	2676
55563.0	2677
39182.0	2678
55567.0	2679
88337.0	2680
6420.0	2681
71956.0	2682
71958.0	2683
55574.0	2684
71964.0	2685
88350.0	2686
6434.0	2687
55586.0	2688
39206.0	2689
39207.0	2690
55593.0	2691
6443.0	2692
39212.0	2693
55595.0	2694
22829.0	2695
55597.0	2696
39217.0	2697
55601.0	2698
39219.0	2699
88372.0	2700
88373.0	2701
71990.0	2702
39226.0	2703
71995.0	2704
22842.0	2705
22844.0	2706
55614.0	2707
71999.0	2708
39234.0	2709
55618.0	2710
55620.0	2711
22856.0	2712
22858.0	2713
22860.0	2714
88397.0	2715
88399.0	2716
39251.0	2717
6485.0	2718
55638.0	2719
72023.0	2720
55642.0	2721
39261.0	2722
39268.0	2723
72040.0	2724
6506.0	2725
72044.0	2726
22892.0	2727
88429.0	2728
22902.0	2729
22903.0	2730
6521.0	2731
55676.0	2732
6528.0	2733
88448.0	2734
6531.0	2735
88452.0	2736
88454.0	2737
88455.0	2738
88457.0	2739
39307.0	2740
22926.0	2741
88463.0	2742
55695.0	2743
39313.0	2744
6546.0	2745
72081.0	2746
88465.0	2747
22927.0	2748
72087.0	2749
88471.0	2750
55703.0	2751
72092.0	2752
88476.0	2753
55708.0	2754
22946.0	2755
72101.0	2756
72102.0	2757
72104.0	2758
22956.0	2759
55726.0	2760
6579.0	2761
39348.0	2762
88499.0	2763
72118.0	2764
6582.0	2765
55737.0	2766
39357.0	2767
72131.0	2768
6597.0	2769
88518.0	2770
6601.0	2771
55754.0	2772
55755.0	2773
88523.0	2774
55757.0	2775
6607.0	2776
39380.0	2777
88532.0	2778
88536.0	2779
72155.0	2780
88539.0	2781
23004.0	2782
23008.0	2783
23010.0	2784
72163.0	2785
55783.0	2786
39400.0	2787
23018.0	2788
55787.0	2789
55789.0	2790
72175.0	2791
23023.0	2792
88561.0	2793
6643.0	2794
39414.0	2795
88568.0	2796
72188.0	2797
55805.0	2798
72196.0	2799
88583.0	2800
39435.0	2801
55819.0	2802
23053.0	2803
88593.0	2804
88594.0	2805
88595.0	2806
88596.0	2807
55830.0	2808
88599.0	2809
39457.0	2810
39460.0	2811
55846.0	2812
55849.0	2813
6700.0	2814
55860.0	2815
39484.0	2816
39490.0	2817
6723.0	2818
6726.0	2819
88649.0	2820
23115.0	2821
72272.0	2822
23122.0	2823
88659.0	2824
23125.0	2825
39515.0	2826
6748.0	2827
23136.0	2828
72294.0	2829
39529.0	2830
55915.0	2831
88684.0	2832
23148.0	2833
55925.0	2834
55933.0	2835
88702.0	2836
88705.0	2837
88706.0	2838
88712.0	2839
39569.0	2840
55954.0	2841
72339.0	2842
72340.0	2843
72341.0	2844
23191.0	2845
23193.0	2846
23194.0	2847
88730.0	2848
88733.0	2849
55967.0	2850
72352.0	2851
88743.0	2852
23211.0	2853
39597.0	2854
88754.0	2855
23225.0	2856
23230.0	2857
72389.0	2858
23240.0	2859
88777.0	2860
39626.0	2861
72397.0	2862
56013.0	2863
39631.0	2864
23251.0	2865
88791.0	2866
72408.0	2867
56026.0	2868
23265.0	2869
6882.0	2870
88801.0	2871
72423.0	2872
88807.0	2873
88810.0	2874
23277.0	2875
6894.0	2876
56047.0	2877
23280.0	2878
88816.0	2879
39666.0	2880
56050.0	2881
56049.0	2882
39670.0	2883
72440.0	2884
39680.0	2885
23296.0	2886
23299.0	2887
6916.0	2888
6922.0	2889
72459.0	2890
6924.0	2891
88844.0	2892
56076.0	2893
88846.0	2894
23310.0	2895
6929.0	2896
23315.0	2897
6937.0	2898
88859.0	2899
72476.0	2900
39722.0	2901
39723.0	2902
6958.0	2903
6959.0	2904
39731.0	2905
23349.0	2906
6969.0	2907
39738.0	2908
88890.0	2909
56134.0	2910
23366.0	2911
56138.0	2912
72524.0	2913
23372.0	2914
56144.0	2915
88913.0	2916
39761.0	2917
39762.0	2918
88916.0	2919
72533.0	2920
39767.0	2921
23386.0	2922
39774.0	2923
23392.0	2924
39779.0	2925
39780.0	2926
88942.0	2927
88943.0	2928
39793.0	2929
39794.0	2930
23409.0	2931
56177.0	2932
88949.0	2933
88953.0	2934
88955.0	2935
23421.0	2936
88958.0	2937
56190.0	2938
88968.0	2939
39816.0	2940
23435.0	2941
88972.0	2942
39821.0	2943
39823.0	2944
39827.0	2945
23446.0	2946
7065.0	2947
72602.0	2948
39838.0	2949
39839.0	2950
72608.0	2951
7074.0	2952
23459.0	2953
72613.0	2954
56234.0	2955
56241.0	2956
7100.0	2957
89020.0	2958
72638.0	2959
39877.0	2960
7109.0	2961
89029.0	2962
23496.0	2963
89033.0	2964
56264.0	2965
7118.0	2966
39886.0	2967
23504.0	2968
72661.0	2969
89049.0	2970
39900.0	2971
72669.0	2972
39902.0	2973
89055.0	2974
7138.0	2975
56291.0	2976
7142.0	2977
39911.0	2978
89067.0	2979
39916.0	2980
89068.0	2981
89070.0	2982
56303.0	2983
56304.0	2984
39922.0	2985
23541.0	2986
56309.0	2987
89088.0	2988
7169.0	2989
23554.0	2990
23558.0	2991
89094.0	2992
56328.0	2993
56332.0	2994
72718.0	2995
72719.0	2996
89103.0	2997
72722.0	2998
56341.0	2999
89110.0	3000
56345.0	3001
89115.0	3002
56348.0	3003
89117.0	3004
39968.0	3005
72737.0	3006
39970.0	3007
89123.0	3008
89125.0	3009
7207.0	3010
72744.0	3011
56360.0	3012
39981.0	3013
7216.0	3014
7220.0	3015
39990.0	3016
23609.0	3017
40000.0	3018
89154.0	3019
72774.0	3020
23622.0	3021
23624.0	3022
72777.0	3023
72782.0	3024
7249.0	3025
7250.0	3026
56403.0	3027
40020.0	3028
72788.0	3029
23638.0	3030
7253.0	3031
89175.0	3032
7258.0	3033
56410.0	3034
56411.0	3035
23643.0	3036
72799.0	3037
7265.0	3038
7266.0	3039
56417.0	3040
7269.0	3041
23654.0	3042
7273.0	3043
56430.0	3044
89199.0	3045
23672.0	3046
40058.0	3047
72829.0	3048
23680.0	3049
72836.0	3050
7300.0	3051
72838.0	3052
7305.0	3053
89227.0	3054
23693.0	3055
72847.0	3056
40081.0	3057
7314.0	3058
72851.0	3059
23697.0	3060
72853.0	3061
23700.0	3062
7319.0	3063
56471.0	3064
23706.0	3065
56478.0	3066
7327.0	3067
72864.0	3068
23712.0	3069
72869.0	3070
23718.0	3071
40106.0	3072
72877.0	3073
40112.0	3074
23728.0	3075
7346.0	3076
23729.0	3077
23730.0	3078
7350.0	3079
72886.0	3080
40119.0	3081
56502.0	3082
89270.0	3083
89274.0	3084
40124.0	3085
72895.0	3086
72896.0	3087
7366.0	3088
72906.0	3089
7372.0	3090
72909.0	3091
40140.0	3092
72910.0	3093
40141.0	3094
7385.0	3095
23773.0	3096
7392.0	3097
40161.0	3098
56544.0	3099
40167.0	3100
7401.0	3101
40172.0	3102
72940.0	3103
23790.0	3104
23791.0	3105
72944.0	3106
40177.0	3107
89328.0	3108
89331.0	3109
56565.0	3110
7414.0	3111
89337.0	3112
72954.0	3113
72956.0	3114
56573.0	3115
72960.0	3116
23812.0	3117
23815.0	3118
23816.0	3119
56586.0	3120
40204.0	3121
72973.0	3122
72972.0	3123
72976.0	3124
7441.0	3125
72978.0	3126
40214.0	3127
7448.0	3128
40221.0	3129
72995.0	3130
56615.0	3131
89386.0	3132
40236.0	3133
73005.0	3134
56620.0	3135
23853.0	3136
89398.0	3137
23862.0	3138
40250.0	3139
73019.0	3140
56641.0	3141
7490.0	3142
73028.0	3143
40262.0	3144
40263.0	3145
23880.0	3146
73034.0	3147
40267.0	3148
40268.0	3149
23885.0	3150
7505.0	3151
23896.0	3152
40283.0	3153
7515.0	3154
23903.0	3155
89442.0	3156
7523.0	3157
7524.0	3158
7527.0	3159
40299.0	3160
23916.0	3161
7531.0	3162
40301.0	3163
56685.0	3164
56688.0	3165
40307.0	3166
73077.0	3167
56701.0	3168
73100.0	3169
56722.0	3170
7573.0	3171
73111.0	3172
73112.0	3173
56728.0	3174
73114.0	3175
73116.0	3176
73118.0	3177
7584.0	3178
7586.0	3179
89509.0	3180
73131.0	3181
7604.0	3182
7605.0	3183
89529.0	3184
56761.0	3185
73147.0	3186
73149.0	3187
89535.0	3188
73155.0	3189
40389.0	3190
7623.0	3191
89547.0	3192
56779.0	3193
40397.0	3194
24016.0	3195
40404.0	3196
73173.0	3197
40406.0	3198
7637.0	3199
40409.0	3200
24025.0	3201
73181.0	3202
40415.0	3203
89575.0	3204
24039.0	3205
89581.0	3206
7662.0	3207
7663.0	3208
24049.0	3209
7671.0	3210
40441.0	3211
7678.0	3212
56831.0	3213
7683.0	3214
7684.0	3215
40453.0	3216
73223.0	3217
89608.0	3218
40459.0	3219
73228.0	3220
40461.0	3221
7693.0	3222
89622.0	3223
40471.0	3224
89623.0	3225
40474.0	3226
89629.0	3227
89632.0	3228
7715.0	3229
24100.0	3230
56870.0	3231
7725.0	3232
40494.0	3233
73264.0	3234
40497.0	3235
7737.0	3236
40506.0	3237
40505.0	3238
40508.0	3239
40509.0	3240
24133.0	3241
56903.0	3242
40523.0	3243
56909.0	3244
89678.0	3245
73295.0	3246
7759.0	3247
24145.0	3248
89682.0	3249
7763.0	3250
56918.0	3251
24153.0	3252
73305.0	3253
40538.0	3254
89692.0	3255
56927.0	3256
73313.0	3257
89698.0	3258
73315.0	3259
56932.0	3260
7789.0	3261
7794.0	3262
7796.0	3263
7801.0	3264
56954.0	3265
40577.0	3266
73352.0	3267
73354.0	3268
24205.0	3269
24206.0	3270
40591.0	3271
56978.0	3272
24213.0	3273
7830.0	3274
89752.0	3275
40608.0	3276
89760.0	3277
7843.0	3278
7850.0	3279
89771.0	3280
57004.0	3281
89773.0	3282
7857.0	3283
24243.0	3284
7860.0	3285
89779.0	3286
57015.0	3287
57018.0	3288
7875.0	3289
73412.0	3290
73414.0	3291
73416.0	3292
89800.0	3293
57034.0	3294
7884.0	3295
40654.0	3296
40656.0	3297
7889.0	3298
40657.0	3299
89813.0	3300
7894.0	3301
7897.0	3302
24281.0	3303
24283.0	3304
57057.0	3305
89826.0	3306
40675.0	3307
7908.0	3308
57071.0	3309
57077.0	3310
73466.0	3311
7931.0	3312
40698.0	3313
57083.0	3314
57084.0	3315
7935.0	3316
7936.0	3317
40706.0	3318
57091.0	3319
24326.0	3320
57096.0	3321
24331.0	3322
89867.0	3323
40717.0	3324
24333.0	3325
7956.0	3326
40728.0	3327
73500.0	3328
57119.0	3329
40736.0	3330
89891.0	3331
40740.0	3332
57123.0	3333
40742.0	3334
57128.0	3335
73513.0	3336
24360.0	3337
7979.0	3338
89900.0	3339
73517.0	3340
40750.0	3341
73521.0	3342
7986.0	3343
89906.0	3344
89907.0	3345
73525.0	3346
73529.0	3347
57147.0	3348
7997.0	3349
24383.0	3350
24386.0	3351
73540.0	3352
57157.0	3353
57158.0	3354
8010.0	3355
24402.0	3356
89942.0	3357
73560.0	3358
73561.0	3359
40794.0	3360
89944.0	3361
24409.0	3362
89948.0	3363
24415.0	3364
73569.0	3365
89953.0	3366
40803.0	3367
24420.0	3368
89957.0	3369
57198.0	3370
73590.0	3371
73591.0	3372
40822.0	3373
73593.0	3374
8060.0	3375
24444.0	3376
73598.0	3377
8064.0	3378
73600.0	3379
8067.0	3380
89992.0	3381
73614.0	3382
73615.0	3383
8080.0	3384
89999.0	3385
57237.0	3386
73623.0	3387
57239.0	3388
24472.0	3389
90018.0	3390
57252.0	3391
24486.0	3392
57260.0	3393
8109.0	3394
57262.0	3395
73647.0	3396
73651.0	3397
90036.0	3398
24504.0	3399
8121.0	3400
73658.0	3401
40891.0	3402
73657.0	3403
57273.0	3404
57275.0	3405
24510.0	3406
90046.0	3407
8130.0	3408
73672.0	3409
24523.0	3410
24526.0	3411
73682.0	3412
57301.0	3413
24534.0	3414
8151.0	3415
8152.0	3416
57302.0	3417
73695.0	3418
40929.0	3419
90082.0	3420
8165.0	3421
8180.0	3422
90101.0	3423
24570.0	3424
24571.0	3425
57341.0	3426
90111.0	3427
73730.0	3428
24581.0	3429
57353.0	3430
90123.0	3431
40977.0	3432
40980.0	3433
90136.0	3434
90139.0	3435
40988.0	3436
90141.0	3437
90144.0	3438
40995.0	3439
41000.0	3440
90157.0	3441
24622.0	3442
90161.0	3443
24626.0	3444
90164.0	3445
24630.0	3446
24634.0	3447
90172.0	3448
8253.0	3449
73793.0	3450
24641.0	3451
90180.0	3452
57413.0	3453
24645.0	3454
8266.0	3455
8267.0	3456
90186.0	3457
57419.0	3458
41039.0	3459
73808.0	3460
57424.0	3461
24658.0	3462
24659.0	3463
41048.0	3464
8281.0	3465
73817.0	3466
73825.0	3467
57442.0	3468
8291.0	3469
73829.0	3470
41066.0	3471
8298.0	3472
8301.0	3473
73841.0	3474
41075.0	3475
57462.0	3476
41091.0	3477
8326.0	3478
73868.0	3479
8334.0	3480
73872.0	3481
90256.0	3482
57489.0	3483
73875.0	3484
90260.0	3485
8341.0	3486
41112.0	3487
8353.0	3488
8354.0	3489
24738.0	3490
24740.0	3491
73895.0	3492
24746.0	3493
8364.0	3494
73903.0	3495
41135.0	3496
41137.0	3497
24757.0	3498
57525.0	3499
8382.0	3500
90303.0	3501
73923.0	3502
8387.0	3503
57539.0	3504
73926.0	3505
41158.0	3506
57546.0	3507
90315.0	3508
57549.0	3509
8398.0	3510
57550.0	3511
41169.0	3512
73937.0	3513
73940.0	3514
8407.0	3515
41177.0	3516
41178.0	3517
90331.0	3518
8411.0	3519
41182.0	3520
90339.0	3521
8420.0	3522
73959.0	3523
24813.0	3524
24815.0	3525
8447.0	3526
73986.0	3527
8451.0	3528
8452.0	3529
24834.0	3530
57603.0	3531
41223.0	3532
57605.0	3533
8460.0	3534
90386.0	3535
74004.0	3536
90388.0	3537
24853.0	3538
8475.0	3539
41243.0	3540
90401.0	3541
24866.0	3542
8485.0	3543
41258.0	3544
8492.0	3545
24886.0	3546
41271.0	3547
41274.0	3548
24891.0	3549
8510.0	3550
74047.0	3551
8512.0	3552
24898.0	3553
8517.0	3554
8518.0	3555
41287.0	3556
57672.0	3557
57673.0	3558
8522.0	3559
8523.0	3560
74062.0	3561
8526.0	3562
41294.0	3563
8530.0	3564
57683.0	3565
24916.0	3566
57685.0	3567
8534.0	3568
57690.0	3569
8540.0	3570
74080.0	3571
74081.0	3572
24933.0	3573
24934.0	3574
74086.0	3575
8552.0	3576
24935.0	3577
8559.0	3578
24943.0	3579
8561.0	3580
24947.0	3581
74100.0	3582
8566.0	3583
57719.0	3584
74104.0	3585
8569.0	3586
8570.0	3587
41337.0	3588
74108.0	3589
24954.0	3590
24958.0	3591
57726.0	3592
90498.0	3593
57733.0	3594
57734.0	3595
24967.0	3596
8585.0	3597
8587.0	3598
24980.0	3599
74139.0	3600
41372.0	3601
90527.0	3602
74145.0	3603
74147.0	3604
41379.0	3605
74152.0	3606
8617.0	3607
8618.0	3608
25003.0	3609
41390.0	3610
74161.0	3611
41393.0	3612
8628.0	3613
25013.0	3614
41397.0	3615
41399.0	3616
8635.0	3617
57787.0	3618
25023.0	3619
90562.0	3620
90565.0	3621
90566.0	3622
90570.0	3623
74187.0	3624
25037.0	3625
8654.0	3626
57806.0	3627
25042.0	3628
57812.0	3629
41431.0	3630
8663.0	3631
74204.0	3632
41438.0	3633
74209.0	3634
74215.0	3635
74218.0	3636
90609.0	3637
8690.0	3638
8691.0	3639
90610.0	3640
74229.0	3641
41469.0	3642
57863.0	3643
74248.0	3644
41482.0	3645
41483.0	3646
25099.0	3647
41487.0	3648
8722.0	3649
8724.0	3650
8730.0	3651
41500.0	3652
8733.0	3653
90652.0	3654
57887.0	3655
90656.0	3656
74275.0	3657
57892.0	3658
41509.0	3659
74278.0	3660
25130.0	3661
57901.0	3662
41519.0	3663
41521.0	3664
25137.0	3665
8755.0	3666
41527.0	3667
74297.0	3668
8763.0	3669
8770.0	3670
90695.0	3671
90696.0	3672
74316.0	3673
74317.0	3674
8781.0	3675
25166.0	3676
41553.0	3677
90715.0	3678
90716.0	3679
41571.0	3680
8805.0	3681
25190.0	3682
41573.0	3683
8807.0	3684
57960.0	3685
25198.0	3686
57971.0	3687
57975.0	3688
41592.0	3689
25209.0	3690
74363.0	3691
25211.0	3692
90747.0	3693
41598.0	3694
8833.0	3695
41602.0	3696
74371.0	3697
8836.0	3698
90755.0	3699
90759.0	3700
90761.0	3701
41612.0	3702
74382.0	3703
8848.0	3704
74385.0	3705
90770.0	3706
58002.0	3707
25239.0	3708
41624.0	3709
8857.0	3710
41625.0	3711
90779.0	3712
41628.0	3713
8861.0	3714
58011.0	3715
41635.0	3716
8867.0	3717
41637.0	3718
58019.0	3719
8872.0	3720
74409.0	3721
74410.0	3722
74412.0	3723
8877.0	3724
25261.0	3725
41653.0	3726
8888.0	3727
74426.0	3728
8890.0	3729
90813.0	3730
25281.0	3731
74435.0	3732
8902.0	3733
41672.0	3734
41673.0	3735
8907.0	3736
58059.0	3737
74445.0	3738
90829.0	3739
25294.0	3740
58064.0	3741
41681.0	3742
74454.0	3743
8918.0	3744
90840.0	3745
41689.0	3746
41690.0	3747
90844.0	3748
41693.0	3749
25312.0	3750
8934.0	3751
58091.0	3752
8944.0	3753
25328.0	3754
25329.0	3755
25333.0	3756
90874.0	3757
74501.0	3758
74503.0	3759
58119.0	3760
90891.0	3761
8974.0	3762
25362.0	3763
58136.0	3764
8985.0	3765
58138.0	3766
8988.0	3767
90909.0	3768
90911.0	3769
8992.0	3770
25377.0	3771
25379.0	3772
74534.0	3773
58151.0	3774
25383.0	3775
90924.0	3776
90926.0	3777
58159.0	3778
9012.0	3779
74551.0	3780
90936.0	3781
41792.0	3782
25413.0	3783
25418.0	3784
9043.0	3785
74580.0	3786
58198.0	3787
41816.0	3788
25437.0	3789
41823.0	3790
74596.0	3791
41829.0	3792
41832.0	3793
41833.0	3794
41834.0	3795
58219.0	3796
41836.0	3797
74605.0	3798
41846.0	3799
9079.0	3800
74619.0	3801
41852.0	3802
74621.0	3803
74625.0	3804
25473.0	3805
9091.0	3806
58243.0	3807
25476.0	3808
25478.0	3809
25480.0	3810
74635.0	3811
25486.0	3812
58256.0	3813
58258.0	3814
41881.0	3815
58266.0	3816
58269.0	3817
41889.0	3818
9121.0	3819
9124.0	3820
58278.0	3821
74663.0	3822
58280.0	3823
58281.0	3824
74667.0	3825
41902.0	3826
58286.0	3827
25522.0	3828
74676.0	3829
41915.0	3830
25532.0	3831
25534.0	3832
58304.0	3833
25542.0	3834
25549.0	3835
58319.0	3836
9169.0	3837
41938.0	3838
41939.0	3839
74718.0	3840
41952.0	3841
74722.0	3842
74727.0	3843
25576.0	3844
91121.0	3845
41972.0	3846
25588.0	3847
91126.0	3848
91127.0	3849
58364.0	3850
74750.0	3851
58367.0	3852
9218.0	3853
74758.0	3854
74759.0	3855
91144.0	3856
9223.0	3857
25612.0	3858
25613.0	3859
41998.0	3860
25616.0	3861
91155.0	3862
58387.0	3863
25620.0	3864
9241.0	3865
42010.0	3866
74787.0	3867
91171.0	3868
42021.0	3869
74790.0	3870
91174.0	3871
25638.0	3872
91177.0	3873
58410.0	3874
9265.0	3875
58417.0	3876
91186.0	3877
58421.0	3878
91191.0	3879
74810.0	3880
42045.0	3881
74819.0	3882
9284.0	3883
58436.0	3884
58440.0	3885
91211.0	3886
91213.0	3887
9294.0	3888
91214.0	3889
42064.0	3890
42065.0	3891
42066.0	3892
91217.0	3893
91218.0	3894
58449.0	3895
74838.0	3896
25689.0	3897
9309.0	3898
74848.0	3899
25696.0	3900
58465.0	3901
42083.0	3902
9316.0	3903
74853.0	3904
25697.0	3905
9319.0	3906
25702.0	3907
58470.0	3908
91241.0	3909
25712.0	3910
25713.0	3911
74867.0	3912
42100.0	3913
9332.0	3914
25715.0	3915
25718.0	3916
9336.0	3917
91254.0	3918
91260.0	3919
25725.0	3920
42110.0	3921
91263.0	3922
25727.0	3923
25730.0	3924
91270.0	3925
74887.0	3926
25740.0	3927
74893.0	3928
25741.0	3929
58509.0	3930
25744.0	3931
9361.0	3932
74898.0	3933
74900.0	3934
58517.0	3935
58518.0	3936
74912.0	3937
58530.0	3938
58533.0	3939
58535.0	3940
74920.0	3941
25771.0	3942
25775.0	3943
91312.0	3944
74929.0	3945
58546.0	3946
58550.0	3947
9400.0	3948
25789.0	3949
42175.0	3950
58564.0	3951
42188.0	3952
91342.0	3953
58575.0	3954
91346.0	3955
25814.0	3956
25816.0	3957
91354.0	3958
91360.0	3959
9447.0	3960
25832.0	3961
9455.0	3962
74992.0	3963
25843.0	3964
58614.0	3965
9464.0	3966
91390.0	3967
25855.0	3968
75011.0	3969
42243.0	3970
75021.0	3971
25870.0	3972
9487.0	3973
75024.0	3974
75027.0	3975
91412.0	3976
58645.0	3977
9501.0	3978
9504.0	3979
58660.0	3980
9511.0	3981
91435.0	3982
91441.0	3983
42299.0	3984
91453.0	3985
9534.0	3986
91463.0	3987
25928.0	3988
9546.0	3989
58701.0	3990
91470.0	3991
25937.0	3992
9557.0	3993
25941.0	3994
75095.0	3995
75096.0	3996
75097.0	3997
58714.0	3998
25946.0	3999
9568.0	4000
58721.0	4001
58722.0	4002
25955.0	4003
9572.0	4004
9573.0	4005
25956.0	4006
42344.0	4007
42345.0	4008
42346.0	4009
9578.0	4010
42348.0	4011
42349.0	4012
42352.0	4013
25975.0	4014
91514.0	4015
9595.0	4016
91515.0	4017
91517.0	4018
91519.0	4019
58755.0	4020
42376.0	4021
58765.0	4022
75150.0	4023
9615.0	4024
75152.0	4025
9617.0	4026
75154.0	4027
58768.0	4028
58777.0	4029
9630.0	4030
58783.0	4031
91556.0	4032
58789.0	4033
42411.0	4034
91564.0	4035
58800.0	4036
75185.0	4037
75187.0	4038
58803.0	4039
26037.0	4040
26038.0	4041
58807.0	4042
26044.0	4043
42429.0	4044
91581.0	4045
9663.0	4046
42431.0	4047
9667.0	4048
91592.0	4049
42444.0	4050
42445.0	4051
26062.0	4052
9679.0	4053
75218.0	4054
75219.0	4055
26067.0	4056
91603.0	4057
26071.0	4058
9689.0	4059
26073.0	4060
58843.0	4061
9694.0	4062
58847.0	4063
26081.0	4064
91617.0	4065
26084.0	4066
58853.0	4067
42470.0	4068
42473.0	4069
42474.0	4070
42476.0	4071
42482.0	4072
91634.0	4073
58874.0	4074
9724.0	4075
26113.0	4076
58884.0	4077
91653.0	4078
58886.0	4079
42504.0	4080
91657.0	4081
91658.0	4082
9740.0	4083
58895.0	4084
9748.0	4085
42518.0	4086
91677.0	4087
91679.0	4088
58912.0	4089
91681.0	4090
75299.0	4091
91684.0	4092
26148.0	4093
9768.0	4094
9774.0	4095
75311.0	4096
91696.0	4097
75312.0	4098
9778.0	4099
91695.0	4100
9780.0	4101
26160.0	4102
26165.0	4103
26170.0	4104
58940.0	4105
91711.0	4106
75329.0	4107
91715.0	4108
42564.0	4109
75337.0	4110
9801.0	4111
42571.0	4112
58956.0	4113
9803.0	4114
75342.0	4115
91723.0	4116
9808.0	4117
9811.0	4118
26195.0	4119
42581.0	4120
58963.0	4121
91734.0	4122
42584.0	4123
42585.0	4124
58967.0	4125
91739.0	4126
75359.0	4127
42596.0	4128
75369.0	4129
91754.0	4130
91756.0	4131
26223.0	4132
42608.0	4133
9845.0	4134
26230.0	4135
75385.0	4136
91774.0	4137
42628.0	4138
91780.0	4139
59013.0	4140
75399.0	4141
59014.0	4142
59020.0	4143
59021.0	4144
59022.0	4145
42641.0	4146
91796.0	4147
9877.0	4148
26262.0	4149
75420.0	4150
26270.0	4151
91809.0	4152
42658.0	4153
91814.0	4154
42663.0	4155
9896.0	4156
91819.0	4157
59054.0	4158
59058.0	4159
91827.0	4160
91829.0	4161
75446.0	4162
9911.0	4163
42682.0	4164
91835.0	4165
91836.0	4166
91837.0	4167
59074.0	4168
59075.0	4169
42692.0	4170
9925.0	4171
59077.0	4172
75464.0	4173
91848.0	4174
59081.0	4175
42699.0	4176
26315.0	4177
91855.0	4178
91858.0	4179
26322.0	4180
42710.0	4181
75481.0	4182
26332.0	4183
26334.0	4184
75491.0	4185
42725.0	4186
26343.0	4187
9961.0	4188
9962.0	4189
42731.0	4190
59115.0	4191
26351.0	4192
42739.0	4193
26357.0	4194
91895.0	4195
26363.0	4196
75520.0	4197
9987.0	4198
42761.0	4199
26380.0	4200
42767.0	4201
91922.0	4202
75544.0	4203
10009.0	4204
26394.0	4205
59163.0	4206
75549.0	4207
75550.0	4208
10025.0	4209
75564.0	4210
91948.0	4211
75566.0	4212
26413.0	4213
26415.0	4214
75573.0	4215
10039.0	4216
75581.0	4217
42814.0	4218
26430.0	4219
91967.0	4220
75585.0	4221
42818.0	4222
91970.0	4223
10052.0	4224
42821.0	4225
42822.0	4226
26436.0	4227
91972.0	4228
91973.0	4229
42826.0	4230
75595.0	4231
91975.0	4232
75597.0	4233
10061.0	4234
91977.0	4235
75600.0	4236
26444.0	4237
91981.0	4238
59221.0	4239
91989.0	4240
42839.0	4241
26454.0	4242
42842.0	4243
91996.0	4244
75613.0	4245
59229.0	4246
75618.0	4247
10085.0	4248
42854.0	4249
26472.0	4250
42856.0	4251
75625.0	4252
42858.0	4253
92009.0	4254
42862.0	4255
10096.0	4256
26480.0	4257
26481.0	4258
26482.0	4259
10100.0	4260
26488.0	4261
26489.0	4262
75649.0	4263
75650.0	4264
26500.0	4265
10118.0	4266
10119.0	4267
10120.0	4268
92039.0	4269
59276.0	4270
42894.0	4271
26510.0	4272
92047.0	4273
26512.0	4274
42900.0	4275
59285.0	4276
59286.0	4277
59287.0	4278
92056.0	4279
26523.0	4280
59291.0	4281
59293.0	4282
92062.0	4283
59304.0	4284
10154.0	4285
75691.0	4286
92074.0	4287
59307.0	4288
10161.0	4289
10162.0	4290
92082.0	4291
59315.0	4292
92085.0	4293
42934.0	4294
75703.0	4295
92091.0	4296
59324.0	4297
26557.0	4298
92095.0	4299
10177.0	4300
42947.0	4301
59331.0	4302
26564.0	4303
42950.0	4304
59340.0	4305
59341.0	4306
10191.0	4307
10196.0	4308
92117.0	4309
26582.0	4310
42969.0	4311
92128.0	4312
42981.0	4313
59373.0	4314
10224.0	4315
42992.0	4316
75766.0	4317
10233.0	4318
43002.0	4319
43006.0	4320
10240.0	4321
26628.0	4322
43015.0	4323
75790.0	4324
26642.0	4325
43028.0	4326
75806.0	4327
10271.0	4328
59424.0	4329
92198.0	4330
26663.0	4331
59433.0	4332
10281.0	4333
75818.0	4334
43051.0	4335
75819.0	4336
10286.0	4337
59434.0	4338
10288.0	4339
92203.0	4340
59447.0	4341
43064.0	4342
10300.0	4343
75837.0	4344
59461.0	4345
26695.0	4346
43080.0	4347
59464.0	4348
92233.0	4349
75851.0	4350
59465.0	4351
92235.0	4352
26702.0	4353
59473.0	4354
43090.0	4355
92245.0	4356
92246.0	4357
59483.0	4358
59484.0	4359
43102.0	4360
75871.0	4361
92256.0	4362
92265.0	4363
43116.0	4364
75884.0	4365
92271.0	4366
75888.0	4367
59504.0	4368
92281.0	4369
26749.0	4370
92293.0	4371
43144.0	4372
43146.0	4373
26763.0	4374
43149.0	4375
26767.0	4376
10384.0	4377
26771.0	4378
92311.0	4379
10396.0	4380
59548.0	4381
59552.0	4382
26787.0	4383
26789.0	4384
59558.0	4385
10408.0	4386
59560.0	4387
10412.0	4388
10413.0	4389
92334.0	4390
43184.0	4391
92336.0	4392
26803.0	4393
92340.0	4394
59573.0	4395
26807.0	4396
92347.0	4397
10431.0	4398
59583.0	4399
26815.0	4400
75970.0	4401
10435.0	4402
92354.0	4403
92359.0	4404
26825.0	4405
10442.0	4406
26827.0	4407
26832.0	4408
92370.0	4409
59603.0	4410
10452.0	4411
92374.0	4412
43229.0	4413
59613.0	4414
43231.0	4415
92381.0	4416
10465.0	4417
43234.0	4418
10466.0	4419
92384.0	4420
92388.0	4421
43245.0	4422
26865.0	4423
76018.0	4424
26867.0	4425
92404.0	4426
10487.0	4427
76025.0	4428
92410.0	4429
76029.0	4430
10493.0	4431
26880.0	4432
59648.0	4433
76035.0	4434
59655.0	4435
43272.0	4436
59658.0	4437
43275.0	4438
92428.0	4439
26892.0	4440
10512.0	4441
92433.0	4442
76051.0	4443
59669.0	4444
76053.0	4445
76059.0	4446
59675.0	4447
26908.0	4448
43294.0	4449
59679.0	4450
10528.0	4451
92455.0	4452
43304.0	4453
76072.0	4454
26935.0	4455
76090.0	4456
92475.0	4457
43324.0	4458
43325.0	4459
59709.0	4460
10558.0	4461
43328.0	4462
10562.0	4463
59717.0	4464
92487.0	4465
10570.0	4466
43343.0	4467
26960.0	4468
43346.0	4469
76115.0	4470
59732.0	4471
43367.0	4472
76141.0	4473
59757.0	4474
76143.0	4475
43376.0	4476
43377.0	4477
43380.0	4478
59765.0	4479
76149.0	4480
10614.0	4481
59764.0	4482
10618.0	4483
43388.0	4484
76157.0	4485
76158.0	4486
92540.0	4487
92541.0	4488
92543.0	4489
10627.0	4490
43396.0	4491
76164.0	4492
43399.0	4493
10632.0	4494
59784.0	4495
27020.0	4496
43408.0	4497
92561.0	4498
43412.0	4499
43414.0	4500
59799.0	4501
27033.0	4502
76188.0	4503
92572.0	4504
10656.0	4505
92580.0	4506
10661.0	4507
43432.0	4508
92585.0	4509
27057.0	4510
10675.0	4511
27060.0	4512
76214.0	4513
27063.0	4514
59832.0	4515
59833.0	4516
27067.0	4517
27068.0	4518
10687.0	4519
43456.0	4520
43455.0	4521
92607.0	4522
76229.0	4523
43462.0	4524
59848.0	4525
10700.0	4526
76241.0	4527
43480.0	4528
76249.0	4529
59867.0	4530
10716.0	4531
10718.0	4532
92639.0	4533
92641.0	4534
27106.0	4535
59873.0	4536
59877.0	4537
76264.0	4538
43496.0	4539
43498.0	4540
59882.0	4541
27117.0	4542
92654.0	4543
92656.0	4544
10740.0	4545
59893.0	4546
59896.0	4547
76281.0	4548
43517.0	4549
76287.0	4550
92671.0	4551
92673.0	4552
10757.0	4553
10759.0	4554
27148.0	4555
10766.0	4556
59919.0	4557
10770.0	4558
10771.0	4559
92690.0	4560
92698.0	4561
27165.0	4562
10784.0	4563
10787.0	4564
59939.0	4565
76327.0	4566
59949.0	4567
10798.0	4568
43567.0	4569
92718.0	4570
43569.0	4571
59955.0	4572
92724.0	4573
92732.0	4574
10813.0	4575
27202.0	4576
27206.0	4577
43591.0	4578
43592.0	4579
76363.0	4580
43597.0	4581
92755.0	4582
43604.0	4583
92759.0	4584
92760.0	4585
76379.0	4586
59995.0	4587
10845.0	4588
27231.0	4589
92769.0	4590
43618.0	4591
43622.0	4592
76395.0	4593
10859.0	4594
60012.0	4595
43630.0	4596
43637.0	4597
92789.0	4598
92791.0	4599
27255.0	4600
27260.0	4601
92802.0	4602
43651.0	4603
10888.0	4604
76424.0	4605
60042.0	4606
60054.0	4607
60066.0	4608
27303.0	4609
76456.0	4610
27309.0	4611
60078.0	4612
10927.0	4613
92845.0	4614
60082.0	4615
76468.0	4616
60084.0	4617
27320.0	4618
92856.0	4619
76475.0	4620
92866.0	4621
60103.0	4622
92871.0	4623
60105.0	4624
60104.0	4625
92875.0	4626
43724.0	4627
60108.0	4628
76494.0	4629
92873.0	4630
60113.0	4631
60118.0	4632
27360.0	4633
43745.0	4634
92896.0	4635
92899.0	4636
92900.0	4637
76519.0	4638
76520.0	4639
92907.0	4640
43756.0	4641
76531.0	4642
92916.0	4643
11000.0	4644
60155.0	4645
92923.0	4646
11005.0	4647
11006.0	4648
92925.0	4649
60159.0	4650
76546.0	4651
92931.0	4652
27397.0	4653
60168.0	4654
60172.0	4655
76558.0	4656
27408.0	4657
43793.0	4658
43795.0	4659
27415.0	4660
92957.0	4661
43806.0	4662
11040.0	4663
76576.0	4664
60193.0	4665
27425.0	4666
60196.0	4667
60199.0	4668
27431.0	4669
11049.0	4670
76588.0	4671
11054.0	4672
76594.0	4673
11059.0	4674
76596.0	4675
76597.0	4676
92981.0	4677
27446.0	4678
11067.0	4679
60223.0	4680
76608.0	4681
11072.0	4682
92994.0	4683
92999.0	4684
76617.0	4685
11083.0	4686
76620.0	4687
43854.0	4688
43855.0	4689
43858.0	4690
43859.0	4691
93014.0	4692
93015.0	4693
27480.0	4694
93019.0	4695
11100.0	4696
93022.0	4697
11109.0	4698
43878.0	4699
76645.0	4700
43879.0	4701
76650.0	4702
76652.0	4703
60268.0	4704
60272.0	4705
93042.0	4706
11123.0	4707
76659.0	4708
11125.0	4709
93044.0	4710
60278.0	4711
11128.0	4712
27513.0	4713
93051.0	4714
60285.0	4715
27518.0	4716
76671.0	4717
11136.0	4718
11137.0	4719
43905.0	4720
43913.0	4721
93068.0	4722
11152.0	4723
93075.0	4724
76692.0	4725
76693.0	4726
93079.0	4727
11162.0	4728
60315.0	4729
27549.0	4730
43934.0	4731
93089.0	4732
27556.0	4733
93093.0	4734
60327.0	4735
11178.0	4736
93109.0	4737
27575.0	4738
11192.0	4739
93112.0	4740
93113.0	4741
11196.0	4742
60351.0	4743
43972.0	4744
11205.0	4745
27590.0	4746
11207.0	4747
27593.0	4748
11210.0	4749
76747.0	4750
93132.0	4751
76752.0	4752
27601.0	4753
76754.0	4754
60369.0	4755
93142.0	4756
76759.0	4757
93144.0	4758
43999.0	4759
60383.0	4760
27619.0	4761
60388.0	4762
93157.0	4763
44006.0	4764
76775.0	4765
11240.0	4766
11241.0	4767
27629.0	4768
44019.0	4769
27636.0	4770
76789.0	4771
76796.0	4772
76797.0	4773
60413.0	4774
60415.0	4775
76800.0	4776
11266.0	4777
76809.0	4778
27661.0	4779
76815.0	4780
76816.0	4781
60432.0	4782
60435.0	4783
93203.0	4784
27669.0	4785
60440.0	4786
76827.0	4787
60443.0	4788
11295.0	4789
27680.0	4790
93219.0	4791
11301.0	4792
76840.0	4793
93224.0	4794
93226.0	4795
60459.0	4796
44078.0	4797
60464.0	4798
93233.0	4799
27698.0	4800
11323.0	4801
93246.0	4802
11328.0	4803
27712.0	4804
11331.0	4805
93254.0	4806
76872.0	4807
27720.0	4808
76880.0	4809
11344.0	4810
44113.0	4811
93273.0	4812
27737.0	4813
76891.0	4814
11356.0	4815
93276.0	4816
11359.0	4817
27745.0	4818
44138.0	4819
93295.0	4820
60531.0	4821
60533.0	4822
44157.0	4823
27774.0	4824
76929.0	4825
11395.0	4826
76933.0	4827
60555.0	4828
27791.0	4829
44177.0	4830
76945.0	4831
44179.0	4832
76951.0	4833
76952.0	4834
11418.0	4835
27803.0	4836
27807.0	4837
60580.0	4838
76967.0	4839
60585.0	4840
93354.0	4841
60592.0	4842
44210.0	4843
93365.0	4844
44215.0	4845
44216.0	4846
11454.0	4847
44230.0	4848
60619.0	4849
11469.0	4850
44239.0	4851
44240.0	4852
11472.0	4853
27858.0	4854
44247.0	4855
11481.0	4856
77023.0	4857
93408.0	4858
77025.0	4859
93413.0	4860
77031.0	4861
60647.0	4862
27879.0	4863
60652.0	4864
60653.0	4865
27886.0	4866
60656.0	4867
27891.0	4868
11508.0	4869
93431.0	4870
27896.0	4871
44282.0	4872
11515.0	4873
11516.0	4874
77053.0	4875
60672.0	4876
77059.0	4877
60677.0	4878
44298.0	4879
27914.0	4880
11533.0	4881
44309.0	4882
93464.0	4883
27930.0	4884
77088.0	4885
11553.0	4886
60704.0	4887
60705.0	4888
93474.0	4889
27936.0	4890
11559.0	4891
27947.0	4892
60720.0	4893
27954.0	4894
11573.0	4895
60725.0	4896
44346.0	4897
11585.0	4898
44361.0	4899
93513.0	4900
27981.0	4901
44366.0	4902
44367.0	4903
27982.0	4904
60749.0	4905
93520.0	4906
27985.0	4907
27983.0	4908
11613.0	4909
11614.0	4910
44383.0	4911
44384.0	4912
60765.0	4913
77154.0	4914
93539.0	4915
93535.0	4916
28000.0	4917
28006.0	4918
44391.0	4919
44392.0	4920
28008.0	4921
93545.0	4922
93546.0	4923
93548.0	4924
77165.0	4925
60784.0	4926
28016.0	4927
44403.0	4928
77172.0	4929
60787.0	4930
77174.0	4931
93559.0	4932
77176.0	4933
44412.0	4934
44415.0	4935
93568.0	4936
77194.0	4937
11664.0	4938
77200.0	4939
93585.0	4940
60818.0	4941
28052.0	4942
44437.0	4943
11669.0	4944
93591.0	4945
11672.0	4946
93592.0	4947
28056.0	4948
60827.0	4949
77215.0	4950
60834.0	4951
77219.0	4952
28066.0	4953
60839.0	4954
60846.0	4955
11697.0	4956
44467.0	4957
60852.0	4958
77237.0	4959
77239.0	4960
44472.0	4961
93624.0	4962
77242.0	4963
28089.0	4964
28088.0	4965
93628.0	4966
11711.0	4967
44480.0	4968
60867.0	4969
11716.0	4970
77263.0	4971
28115.0	4972
93660.0	4973
60893.0	4974
93661.0	4975
44512.0	4976
77282.0	4977
77283.0	4978
77284.0	4979
28135.0	4980
60907.0	4981
93675.0	4982
93677.0	4983
60910.0	4984
11760.0	4985
93683.0	4986
11769.0	4987
77308.0	4988
93694.0	4989
77312.0	4990
11794.0	4991
11795.0	4992
28181.0	4993
77334.0	4994
77335.0	4995
93726.0	4996
60959.0	4997
11813.0	4998
77349.0	4999
11816.0	5000
28200.0	5001
77354.0	5002
60971.0	5003
28204.0	5004
28203.0	5005
93742.0	5006
60975.0	5007
11824.0	5008
44593.0	5009
77362.0	5010
28206.0	5011
60978.0	5012
28210.0	5013
93748.0	5014
11838.0	5015
77376.0	5016
60994.0	5017
77381.0	5018
28230.0	5019
77383.0	5020
93769.0	5021
11850.0	5022
93771.0	5023
61006.0	5024
11855.0	5025
61013.0	5026
44629.0	5027
93782.0	5028
93783.0	5029
77402.0	5030
11866.0	5031
93788.0	5032
93791.0	5033
28263.0	5034
77418.0	5035
11883.0	5036
44651.0	5037
11887.0	5038
77425.0	5039
11890.0	5040
28274.0	5041
61049.0	5042
93818.0	5043
77435.0	5044
77439.0	5045
44672.0	5046
77441.0	5047
28287.0	5048
28288.0	5049
44676.0	5050
77444.0	5051
44678.0	5052
44679.0	5053
11911.0	5054
61056.0	5055
44688.0	5056
44696.0	5057
61084.0	5058
11935.0	5059
11939.0	5060
77476.0	5061
28325.0	5062
77479.0	5063
77481.0	5064
61100.0	5065
77485.0	5066
11952.0	5067
28340.0	5068
61108.0	5069
61110.0	5070
93883.0	5071
61116.0	5072
93890.0	5073
93892.0	5074
61128.0	5075
93898.0	5076
28363.0	5077
11980.0	5078
93901.0	5079
11982.0	5080
28366.0	5081
93902.0	5082
44754.0	5083
61139.0	5084
11993.0	5085
44761.0	5086
28379.0	5087
28385.0	5088
28393.0	5089
28395.0	5090
44781.0	5091
44782.0	5092
93933.0	5093
44784.0	5094
44788.0	5095
93940.0	5096
77558.0	5097
93950.0	5098
93951.0	5099
93952.0	5100
61183.0	5101
28418.0	5102
28421.0	5103
28422.0	5104
12045.0	5105
28430.0	5106
12048.0	5107
77584.0	5108
12053.0	5109
28437.0	5110
93975.0	5111
28439.0	5112
12058.0	5113
61210.0	5114
44829.0	5115
28448.0	5116
77602.0	5117
12068.0	5118
77606.0	5119
61224.0	5120
12073.0	5121
12074.0	5122
77611.0	5123
61230.0	5124
44847.0	5125
28469.0	5126
44856.0	5127
28476.0	5128
44861.0	5129
94013.0	5130
94020.0	5131
94023.0	5132
61257.0	5133
28490.0	5134
94026.0	5135
28492.0	5136
44877.0	5137
94029.0	5138
77648.0	5139
94032.0	5140
77654.0	5141
94039.0	5142
12120.0	5143
12126.0	5144
61284.0	5145
12135.0	5146
12136.0	5147
28523.0	5148
44910.0	5149
12144.0	5150
61298.0	5151
94068.0	5152
28533.0	5153
28532.0	5154
94071.0	5155
61305.0	5156
28539.0	5157
77692.0	5158
61308.0	5159
61310.0	5160
61311.0	5161
44932.0	5162
12165.0	5163
44933.0	5164
28548.0	5165
28549.0	5166
12170.0	5167
77707.0	5168
94090.0	5169
77709.0	5170
94094.0	5171
61334.0	5172
94104.0	5173
28569.0	5174
77725.0	5175
28576.0	5176
94112.0	5177
44962.0	5178
12195.0	5179
61346.0	5180
77733.0	5181
28580.0	5182
44967.0	5183
61352.0	5184
61354.0	5185
44976.0	5186
44977.0	5187
61362.0	5188
61366.0	5189
94137.0	5190
12218.0	5191
77758.0	5192
77762.0	5193
77763.0	5194
44995.0	5195
12233.0	5196
28617.0	5197
45004.0	5198
12243.0	5199
77782.0	5200
45015.0	5201
94169.0	5202
45020.0	5203
61404.0	5204
61410.0	5205
61411.0	5206
12261.0	5207
94181.0	5208
45031.0	5209
77800.0	5210
28646.0	5211
12266.0	5212
94183.0	5213
77804.0	5214
77805.0	5215
61416.0	5216
28652.0	5217
61425.0	5218
94204.0	5219
77821.0	5220
77820.0	5221
45055.0	5222
12288.0	5223
94207.0	5224
94210.0	5225
77833.0	5226
77837.0	5227
12306.0	5228
61461.0	5229
77846.0	5230
12311.0	5231
12318.0	5232
12320.0	5233
94241.0	5234
12322.0	5235
77861.0	5236
77872.0	5237
61489.0	5238
45104.0	5239
77875.0	5240
45109.0	5241
77879.0	5242
12344.0	5243
61497.0	5244
28733.0	5245
45120.0	5246
77890.0	5247
45125.0	5248
94278.0	5249
12360.0	5250
12362.0	5251
45130.0	5252
94283.0	5253
28750.0	5254
12367.0	5255
94287.0	5256
12370.0	5257
61525.0	5258
77911.0	5259
12378.0	5260
45156.0	5261
94308.0	5262
61542.0	5263
45160.0	5264
12393.0	5265
28778.0	5266
94317.0	5267
12407.0	5268
77945.0	5269
77948.0	5270
12414.0	5271
12415.0	5272
45184.0	5273
94334.0	5274
61568.0	5275
45190.0	5276
94344.0	5277
45193.0	5278
61577.0	5279
77968.0	5280
28819.0	5281
28820.0	5282
45205.0	5283
61589.0	5284
94358.0	5285
94355.0	5286
61592.0	5287
94364.0	5288
61601.0	5289
12450.0	5290
61602.0	5291
61606.0	5292
94374.0	5293
61608.0	5294
45225.0	5295
77993.0	5296
45226.0	5297
61609.0	5298
61616.0	5299
12465.0	5300
78002.0	5301
78001.0	5302
12474.0	5303
94394.0	5304
94398.0	5305
28864.0	5306
78017.0	5307
94401.0	5308
12485.0	5309
78023.0	5310
28876.0	5311
61649.0	5312
28882.0	5313
45266.0	5314
45268.0	5315
78037.0	5316
78038.0	5317
61651.0	5318
45272.0	5319
78049.0	5320
78050.0	5321
28897.0	5322
61669.0	5323
61670.0	5324
12519.0	5325
12523.0	5326
45291.0	5327
28909.0	5328
94446.0	5329
45295.0	5330
45296.0	5331
94447.0	5332
78066.0	5333
28917.0	5334
61685.0	5335
45307.0	5336
94465.0	5337
45317.0	5338
61704.0	5339
78090.0	5340
12555.0	5341
78094.0	5342
28943.0	5343
28944.0	5344
78095.0	5345
12558.0	5346
61713.0	5347
45333.0	5348
61719.0	5349
94488.0	5350
61721.0	5351
28955.0	5352
94492.0	5353
94494.0	5354
28960.0	5355
28964.0	5356
12581.0	5357
78118.0	5358
78119.0	5359
61733.0	5360
28969.0	5361
28976.0	5362
45362.0	5363
78132.0	5364
61750.0	5365
12599.0	5366
78136.0	5367
45371.0	5368
45374.0	5369
45376.0	5370
94529.0	5371
12610.0	5372
94537.0	5373
61774.0	5374
29011.0	5375
12628.0	5376
78164.0	5377
94550.0	5378
61784.0	5379
45405.0	5380
61792.0	5381
12641.0	5382
29028.0	5383
78183.0	5384
61800.0	5385
94568.0	5386
94571.0	5387
94572.0	5388
78190.0	5389
45422.0	5390
45425.0	5391
12658.0	5392
94579.0	5393
78198.0	5394
78199.0	5395
29047.0	5396
94584.0	5397
61817.0	5398
78203.0	5399
12668.0	5400
29051.0	5401
45438.0	5402
61827.0	5403
94598.0	5404
61831.0	5405
12682.0	5406
45451.0	5407
29069.0	5408
12688.0	5409
29073.0	5410
61844.0	5411
78230.0	5412
94615.0	5413
61847.0	5414
78234.0	5415
29083.0	5416
29085.0	5417
12701.0	5418
94623.0	5419
78240.0	5420
45472.0	5421
45474.0	5422
94626.0	5423
94627.0	5424
29092.0	5425
29091.0	5426
29097.0	5427
12714.0	5428
45486.0	5429
45488.0	5430
78260.0	5431
12727.0	5432
61879.0	5433
29115.0	5434
94653.0	5435
45504.0	5436
29121.0	5437
12738.0	5438
61891.0	5439
78278.0	5440
29127.0	5441
61896.0	5442
45513.0	5443
61900.0	5444
61901.0	5445
61904.0	5446
94673.0	5447
94678.0	5448
78296.0	5449
94683.0	5450
78300.0	5451
12766.0	5452
29150.0	5453
29152.0	5454
78305.0	5455
45538.0	5456
12769.0	5457
94693.0	5458
94696.0	5459
12777.0	5460
45546.0	5461
12778.0	5462
61936.0	5463
78325.0	5464
61941.0	5465
78327.0	5466
45559.0	5467
29173.0	5468
94711.0	5469
61944.0	5470
12797.0	5471
29182.0	5472
61950.0	5473
94720.0	5474
61953.0	5475
45570.0	5476
78339.0	5477
12802.0	5478
61955.0	5479
78342.0	5480
12806.0	5481
45576.0	5482
45577.0	5483
94727.0	5484
29194.0	5485
61963.0	5486
78349.0	5487
94736.0	5488
78364.0	5489
61984.0	5490
12835.0	5491
12838.0	5492
12839.0	5493
29223.0	5494
78377.0	5495
12843.0	5496
45612.0	5497
78381.0	5498
45614.0	5499
94768.0	5500
29234.0	5501
45619.0	5502
62006.0	5503
29242.0	5504
62014.0	5505
12866.0	5506
94786.0	5507
62024.0	5508
45641.0	5509
45642.0	5510
78410.0	5511
45644.0	5512
29257.0	5513
94794.0	5514
29260.0	5515
29262.0	5516
94804.0	5517
45654.0	5518
78423.0	5519
78438.0	5520
94825.0	5521
45674.0	5522
12907.0	5523
78453.0	5524
45687.0	5525
12923.0	5526
29310.0	5527
78463.0	5528
29312.0	5529
78465.0	5530
12930.0	5531
12931.0	5532
78466.0	5533
29316.0	5534
94855.0	5535
12937.0	5536
12939.0	5537
94861.0	5538
62093.0	5539
94863.0	5540
62096.0	5541
78482.0	5542
62098.0	5543
29331.0	5544
78485.0	5545
94868.0	5546
12951.0	5547
94871.0	5548
12955.0	5549
29339.0	5550
45726.0	5551
45729.0	5552
12962.0	5553
12963.0	5554
45741.0	5555
78511.0	5556
78512.0	5557
78513.0	5558
94899.0	5559
45748.0	5560
29363.0	5561
45750.0	5562
94901.0	5563
45752.0	5564
45753.0	5565
45754.0	5566
62140.0	5567
62143.0	5568
94913.0	5569
29380.0	5570
94920.0	5571
29386.0	5572
78540.0	5573
45773.0	5574
45774.0	5575
13011.0	5576
45780.0	5577
62169.0	5578
62170.0	5579
45793.0	5580
94946.0	5581
29415.0	5582
45806.0	5583
29423.0	5584
13041.0	5585
45811.0	5586
13043.0	5587
94964.0	5588
45814.0	5589
78583.0	5590
62198.0	5591
45822.0	5592
29447.0	5593
62215.0	5594
62217.0	5595
62218.0	5596
45835.0	5597
62221.0	5598
78607.0	5599
29455.0	5600
62224.0	5601
29460.0	5602
94997.0	5603
45846.0	5604
29462.0	5605
95000.0	5606
95003.0	5607
78621.0	5608
29469.0	5609
62237.0	5610
95007.0	5611
95009.0	5612
29479.0	5613
95016.0	5614
78633.0	5615
95018.0	5616
29485.0	5617
78639.0	5618
95024.0	5619
45874.0	5620
29494.0	5621
78648.0	5622
13124.0	5623
62279.0	5624
13128.0	5625
45897.0	5626
62281.0	5627
45901.0	5628
78669.0	5629
95055.0	5630
29521.0	5631
78677.0	5632
78678.0	5633
13146.0	5634
13148.0	5635
45917.0	5636
29534.0	5637
78688.0	5638
45921.0	5639
45922.0	5640
62304.0	5641
62305.0	5642
29542.0	5643
13160.0	5644
45928.0	5645
95088.0	5646
78705.0	5647
45941.0	5648
78710.0	5649
45945.0	5650
62329.0	5651
29563.0	5652
62331.0	5653
95105.0	5654
29570.0	5655
78723.0	5656
95110.0	5657
13193.0	5658
78730.0	5659
29577.0	5660
13198.0	5661
45971.0	5662
13204.0	5663
62362.0	5664
62363.0	5665
62366.0	5666
29600.0	5667
45985.0	5668
62369.0	5669
13220.0	5670
45990.0	5671
78763.0	5672
13229.0	5673
62382.0	5674
13230.0	5675
95154.0	5676
62389.0	5677
13242.0	5678
62395.0	5679
78782.0	5680
62399.0	5681
62400.0	5682
46017.0	5683
29636.0	5684
13255.0	5685
46030.0	5686
13263.0	5687
78803.0	5688
46037.0	5689
46040.0	5690
13276.0	5691
29663.0	5692
95200.0	5693
62431.0	5694
46051.0	5695
29672.0	5696
29675.0	5697
78828.0	5698
29678.0	5699
95218.0	5700
95220.0	5701
78842.0	5702
62458.0	5703
29692.0	5704
29694.0	5705
78848.0	5706
62467.0	5707
95238.0	5708
78855.0	5709
62472.0	5710
95248.0	5711
78865.0	5712
13333.0	5713
62485.0	5714
95261.0	5715
29726.0	5716
46110.0	5717
95264.0	5718
95266.0	5719
46120.0	5720
62508.0	5721
62512.0	5722
46132.0	5723
95286.0	5724
13367.0	5725
95291.0	5726
95294.0	5727
62527.0	5728
78919.0	5729
62537.0	5730
46154.0	5731
95305.0	5732
78925.0	5733
78928.0	5734
13393.0	5735
78930.0	5736
78929.0	5737
62544.0	5738
29778.0	5739
62548.0	5740
29780.0	5741
46170.0	5742
78939.0	5743
46182.0	5744
13416.0	5745
95339.0	5746
13420.0	5747
95343.0	5748
46197.0	5749
78965.0	5750
29813.0	5751
62584.0	5752
46202.0	5753
29819.0	5754
46204.0	5755
13445.0	5756
46217.0	5757
46219.0	5758
78987.0	5759
95375.0	5760
78991.0	5761
29839.0	5762
95379.0	5763
62617.0	5764
29850.0	5765
62619.0	5766
95388.0	5767
79007.0	5768
13474.0	5769
62626.0	5770
29859.0	5771
62633.0	5772
46254.0	5773
46256.0	5774
46257.0	5775
46259.0	5776
62643.0	5777
62645.0	5778
46261.0	5779
62649.0	5780
79039.0	5781
29893.0	5782
62661.0	5783
79049.0	5784
46281.0	5785
29902.0	5786
29912.0	5787
46297.0	5788
62680.0	5789
13531.0	5790
29915.0	5791
62683.0	5792
29917.0	5793
29918.0	5794
95456.0	5795
29921.0	5796
29922.0	5797
79082.0	5798
95466.0	5799
29932.0	5800
62702.0	5801
46319.0	5802
46320.0	5803
13553.0	5804
46324.0	5805
79106.0	5806
79109.0	5807
29963.0	5808
79120.0	5809
46353.0	5810
62736.0	5811
29969.0	5812
95508.0	5813
79127.0	5814
13593.0	5815
46362.0	5816
62746.0	5817
79137.0	5818
95530.0	5819
46381.0	5820
30005.0	5821
79159.0	5822
79161.0	5823
30009.0	5824
95546.0	5825
46398.0	5826
13632.0	5827
46402.0	5828
46404.0	5829
62789.0	5830
46406.0	5831
46411.0	5832
95566.0	5833
30034.0	5834
62804.0	5835
79193.0	5836
13659.0	5837
30043.0	5838
95582.0	5839
62814.0	5840
46442.0	5841
13675.0	5842
30066.0	5843
95602.0	5844
62834.0	5845
95605.0	5846
13688.0	5847
95608.0	5848
79230.0	5849
95618.0	5850
62851.0	5851
30084.0	5852
46469.0	5853
13702.0	5854
95622.0	5855
46474.0	5856
46483.0	5857
95637.0	5858
46490.0	5859
79259.0	5860
46492.0	5861
13725.0	5862
46493.0	5863
13724.0	5864
95644.0	5865
95646.0	5866
62880.0	5867
30115.0	5868
46501.0	5869
95654.0	5870
30119.0	5871
79276.0	5872
79277.0	5873
30126.0	5874
79280.0	5875
95664.0	5876
46514.0	5877
46515.0	5878
46517.0	5879
30133.0	5880
62906.0	5881
46525.0	5882
13758.0	5883
30143.0	5884
62915.0	5885
62918.0	5886
62924.0	5887
79311.0	5888
13775.0	5889
13784.0	5890
79321.0	5891
13786.0	5892
79323.0	5893
46556.0	5894
95708.0	5895
46558.0	5896
30176.0	5897
79330.0	5898
62948.0	5899
46567.0	5900
30184.0	5901
62952.0	5902
79338.0	5903
30186.0	5904
46573.0	5905
13805.0	5906
79341.0	5907
46577.0	5908
62961.0	5909
95729.0	5910
30203.0	5911
79362.0	5912
30211.0	5913
79367.0	5914
46601.0	5915
46604.0	5916
62988.0	5917
79374.0	5918
13838.0	5919
46606.0	5920
46609.0	5921
62989.0	5922
79380.0	5923
63003.0	5924
63007.0	5925
46627.0	5926
79396.0	5927
95779.0	5928
63020.0	5929
30254.0	5930
79408.0	5931
13872.0	5932
95795.0	5933
13876.0	5934
79416.0	5935
79417.0	5936
30271.0	5937
46659.0	5938
63043.0	5939
13893.0	5940
46662.0	5941
79431.0	5942
46664.0	5943
63045.0	5944
95814.0	5945
95813.0	5946
30283.0	5947
13913.0	5948
13915.0	5949
79455.0	5950
95841.0	5951
46690.0	5952
95843.0	5953
30308.0	5954
79464.0	5955
46697.0	5956
46698.0	5957
95849.0	5958
30319.0	5959
46704.0	5960
95855.0	5961
63090.0	5962
30324.0	5963
46712.0	5964
63098.0	5965
63105.0	5966
30348.0	5967
95886.0	5968
63123.0	5969
63125.0	5970
30358.0	5971
13975.0	5972
79512.0	5973
63127.0	5974
13978.0	5975
46747.0	5976
79517.0	5977
95904.0	5978
46753.0	5979
95906.0	5980
30369.0	5981
95908.0	5982
30372.0	5983
13988.0	5984
79525.0	5985
13991.0	5986
63137.0	5987
46765.0	5988
30382.0	5989
30387.0	5990
95923.0	5991
14007.0	5992
46776.0	5993
14009.0	5994
63159.0	5995
95930.0	5996
95935.0	5997
30400.0	5998
14017.0	5999
46786.0	6000
30401.0	6001
63170.0	6002
95939.0	6003
63172.0	6004
95941.0	6005
95951.0	6006
30418.0	6007
14036.0	6008
30421.0	6009
79578.0	6010
14049.0	6011
46818.0	6012
46820.0	6013
79596.0	6014
46829.0	6015
30444.0	6016
95983.0	6017
14073.0	6018
30458.0	6019
63230.0	6020
14080.0	6021
96001.0	6022
63233.0	6023
46852.0	6024
30468.0	6025
63237.0	6026
30472.0	6027
46862.0	6028
30480.0	6029
46871.0	6030
63264.0	6031
96039.0	6032
63272.0	6033
96046.0	6034
14129.0	6035
46898.0	6036
14133.0	6037
96055.0	6038
63288.0	6039
30521.0	6040
30519.0	6041
79676.0	6042
46909.0	6043
14142.0	6044
30526.0	6045
30531.0	6046
63300.0	6047
96069.0	6048
30541.0	6049
14159.0	6050
96080.0	6051
14162.0	6052
63318.0	6053
46936.0	6054
63320.0	6055
63323.0	6056
30556.0	6057
79709.0	6058
30559.0	6059
14177.0	6060
63330.0	6061
30565.0	6062
14182.0	6063
14183.0	6064
63334.0	6065
96106.0	6066
14191.0	6067
30576.0	6068
79732.0	6069
30581.0	6070
14198.0	6071
14199.0	6072
30582.0	6073
79737.0	6074
30587.0	6075
30588.0	6076
79741.0	6077
14207.0	6078
46975.0	6079
46976.0	6080
30591.0	6081
30594.0	6082
30601.0	6083
79754.0	6084
30606.0	6085
96142.0	6086
96143.0	6087
30609.0	6088
79763.0	6089
96149.0	6090
96150.0	6091
14231.0	6092
47000.0	6093
30624.0	6094
79777.0	6095
47011.0	6096
63397.0	6097
14246.0	6098
63402.0	6099
79790.0	6100
79792.0	6101
63411.0	6102
79797.0	6103
14267.0	6104
63420.0	6105
30654.0	6106
47039.0	6107
14273.0	6108
47045.0	6109
47048.0	6110
14280.0	6111
79819.0	6112
14283.0	6113
79821.0	6114
79820.0	6115
79823.0	6116
79824.0	6117
63436.0	6118
30674.0	6119
47059.0	6120
63445.0	6121
47063.0	6122
79832.0	6123
14298.0	6124
30683.0	6125
14300.0	6126
47070.0	6127
96222.0	6128
47072.0	6129
63459.0	6130
63463.0	6131
47081.0	6132
14313.0	6133
14317.0	6134
30701.0	6135
63469.0	6136
79857.0	6137
30705.0	6138
63474.0	6139
30707.0	6140
96250.0	6141
14335.0	6142
47103.0	6143
96257.0	6144
14338.0	6145
30723.0	6146
30724.0	6147
30721.0	6148
79878.0	6149
63491.0	6150
96264.0	6151
47120.0	6152
30740.0	6153
63512.0	6154
79897.0	6155
30745.0	6156
79906.0	6157
79907.0	6158
30758.0	6159
47144.0	6160
30762.0	6161
63531.0	6162
47151.0	6163
96303.0	6164
30768.0	6165
96306.0	6166
79923.0	6167
96304.0	6168
79927.0	6169
63550.0	6170
47167.0	6171
63558.0	6172
79944.0	6173
14409.0	6174
47177.0	6175
96333.0	6176
79951.0	6177
79952.0	6178
30802.0	6179
47187.0	6180
63573.0	6181
30808.0	6182
63576.0	6183
79963.0	6184
14435.0	6185
14438.0	6186
96362.0	6187
96363.0	6188
96365.0	6189
30829.0	6190
47219.0	6191
14451.0	6192
63604.0	6193
96374.0	6194
47223.0	6195
79994.0	6196
96384.0	6197
96390.0	6198
63623.0	6199
96391.0	6200
96393.0	6201
63630.0	6202
80015.0	6203
14482.0	6204
63637.0	6205
47254.0	6206
63639.0	6207
80030.0	6208
80032.0	6209
14499.0	6210
14504.0	6211
63657.0	6212
30890.0	6213
80048.0	6214
63665.0	6215
80051.0	6216
63668.0	6217
80053.0	6218
80058.0	6219
14530.0	6220
30923.0	6221
14540.0	6222
14543.0	6223
14547.0	6224
47316.0	6225
47319.0	6226
80089.0	6227
47326.0	6228
80097.0	6229
30949.0	6230
14569.0	6231
80106.0	6232
14575.0	6233
80113.0	6234
14582.0	6235
63734.0	6236
14585.0	6237
80131.0	6238
63747.0	6239
14599.0	6240
63752.0	6241
80137.0	6242
30986.0	6243
80140.0	6244
63760.0	6245
80145.0	6246
63765.0	6247
47385.0	6248
80154.0	6249
80156.0	6250
80161.0	6251
47394.0	6252
80162.0	6253
14631.0	6254
63787.0	6255
47409.0	6256
47410.0	6257
31026.0	6258
31027.0	6259
47416.0	6260
63803.0	6261
80192.0	6262
14658.0	6263
80199.0	6264
47432.0	6265
80201.0	6266
31048.0	6267
47441.0	6268
63826.0	6269
47445.0	6270
63831.0	6271
63832.0	6272
14686.0	6273
31071.0	6274
47460.0	6275
14700.0	6276
31084.0	6277
31086.0	6278
14704.0	6279
47474.0	6280
31097.0	6281
47485.0	6282
14722.0	6283
63875.0	6284
14727.0	6285
63880.0	6286
63882.0	6287
63884.0	6288
14733.0	6289
47504.0	6290
14744.0	6291
47514.0	6292
14746.0	6293
63901.0	6294
14757.0	6295
80296.0	6296
14762.0	6297
14766.0	6298
47536.0	6299
14768.0	6300
63926.0	6301
63929.0	6302
31164.0	6303
31166.0	6304
47552.0	6305
31170.0	6306
80323.0	6307
63941.0	6308
80326.0	6309
47561.0	6310
47564.0	6311
47577.0	6312
47578.0	6313
14811.0	6314
63963.0	6315
47581.0	6316
63970.0	6317
47593.0	6318
63977.0	6319
47595.0	6320
31212.0	6321
14831.0	6322
14832.0	6323
80371.0	6324
63988.0	6325
80373.0	6326
63990.0	6327
14843.0	6328
14844.0	6329
80380.0	6330
63995.0	6331
80383.0	6332
31232.0	6333
64001.0	6334
80387.0	6335
64005.0	6336
80398.0	6337
80399.0	6338
14863.0	6339
14865.0	6340
64014.0	6341
47638.0	6342
80410.0	6343
64027.0	6344
64028.0	6345
47646.0	6346
80415.0	6347
47648.0	6348
31269.0	6349
47655.0	6350
14889.0	6351
47658.0	6352
80426.0	6353
14892.0	6354
47660.0	6355
31274.0	6356
31277.0	6357
80432.0	6358
64046.0	6359
31279.0	6360
64047.0	6361
64050.0	6362
64055.0	6363
47676.0	6364
14910.0	6365
47687.0	6366
47689.0	6367
31305.0	6368
14930.0	6369
64087.0	6370
14938.0	6371
47710.0	6372
64096.0	6373
80482.0	6374
47719.0	6375
31335.0	6376
14959.0	6377
14960.0	6378
64111.0	6379
80500.0	6380
64117.0	6381
80502.0	6382
14967.0	6383
14968.0	6384
31354.0	6385
80506.0	6386
14973.0	6387
14980.0	6388
31364.0	6389
47752.0	6390
64141.0	6391
14995.0	6392
14998.0	6393
80536.0	6394
64154.0	6395
47776.0	6396
31393.0	6397
80547.0	6398
64164.0	6399
31397.0	6400
80552.0	6401
80554.0	6402
47786.0	6403
64170.0	6404
31411.0	6405
64182.0	6406
15035.0	6407
80581.0	6408
31431.0	6409
31433.0	6410
47818.0	6411
64203.0	6412
64209.0	6413
31441.0	6414
80595.0	6415
64211.0	6416
64214.0	6417
31448.0	6418
80602.0	6419
47836.0	6420
47841.0	6421
31457.0	6422
80612.0	6423
47849.0	6424
31466.0	6425
31468.0	6426
80621.0	6427
31476.0	6428
80634.0	6429
47869.0	6430
64256.0	6431
80643.0	6432
64260.0	6433
64267.0	6434
15117.0	6435
80655.0	6436
15124.0	6437
47894.0	6438
31510.0	6439
31513.0	6440
47900.0	6441
15134.0	6442
31519.0	6443
31520.0	6444
64291.0	6445
15143.0	6446
47914.0	6447
80685.0	6448
64303.0	6449
47920.0	6450
31536.0	6451
15157.0	6452
64310.0	6453
80695.0	6454
31546.0	6455
47931.0	6456
15173.0	6457
47942.0	6458
64328.0	6459
31561.0	6460
47958.0	6461
15191.0	6462
64343.0	6463
47965.0	6464
64355.0	6465
64362.0	6466
47981.0	6467
31597.0	6468
31603.0	6469
15222.0	6470
15235.0	6471
15242.0	6472
48011.0	6473
15244.0	6474
80778.0	6475
48014.0	6476
48016.0	6477
80791.0	6478
31640.0	6479
48025.0	6480
31644.0	6481
15265.0	6482
64417.0	6483
80813.0	6484
31662.0	6485
15282.0	6486
31667.0	6487
80824.0	6488
31676.0	6489
80829.0	6490
80831.0	6491
80833.0	6492
48069.0	6493
31687.0	6494
31691.0	6495
80845.0	6496
31693.0	6497
15311.0	6498
15312.0	6499
48082.0	6500
15319.0	6501
64472.0	6502
48089.0	6503
31704.0	6504
31708.0	6505
80861.0	6506
64480.0	6507
15334.0	6508
48103.0	6509
31718.0	6510
48107.0	6511
31725.0	6512
64499.0	6513
64507.0	6514
80894.0	6515
48127.0	6516
64516.0	6517
80902.0	6518
31753.0	6519
15371.0	6520
80907.0	6521
48139.0	6522
80910.0	6523
80911.0	6524
31759.0	6525
48145.0	6526
31767.0	6527
64536.0	6528
64543.0	6529
64546.0	6530
48163.0	6531
31783.0	6532
64555.0	6533
31792.0	6534
80945.0	6535
80952.0	6536
48185.0	6537
80958.0	6538
48191.0	6539
31810.0	6540
48196.0	6541
80968.0	6542
31817.0	6543
80972.0	6544
15441.0	6545
48210.0	6546
48215.0	6547
48216.0	6548
15450.0	6549
15451.0	6550
31837.0	6551
64607.0	6552
15456.0	6553
31839.0	6554
15460.0	6555
15468.0	6556
15470.0	6557
15475.0	6558
48245.0	6559
31861.0	6560
31862.0	6561
81016.0	6562
64633.0	6563
81019.0	6564
48254.0	6565
31872.0	6566
31875.0	6567
48262.0	6568
64647.0	6569
81032.0	6570
64652.0	6571
81037.0	6572
64653.0	6573
81043.0	6574
81045.0	6575
48278.0	6576
15511.0	6577
15515.0	6578
15520.0	6579
81059.0	6580
31908.0	6581
81064.0	6582
15533.0	6583
64692.0	6584
31927.0	6585
64695.0	6586
31930.0	6587
15551.0	6588
64704.0	6589
31936.0	6590
15557.0	6591
81095.0	6592
48330.0	6593
81099.0	6594
31956.0	6595
31962.0	6596
48356.0	6597
64741.0	6598
64744.0	6599
31977.0	6600
31978.0	6601
81133.0	6602
31982.0	6603
81138.0	6604
64756.0	6605
31990.0	6606
48376.0	6607
48377.0	6608
64760.0	6609
64762.0	6610
48380.0	6611
81155.0	6612
15619.0	6613
64773.0	6614
48393.0	6615
32010.0	6616
48396.0	6617
64782.0	6618
32014.0	6619
15634.0	6620
81171.0	6621
15636.0	6622
81175.0	6623
64795.0	6624
15644.0	6625
64797.0	6626
48416.0	6627
48417.0	6628
15649.0	6629
15653.0	6630
64809.0	6631
81194.0	6632
15660.0	6633
32051.0	6634
64823.0	6635
64824.0	6636
15675.0	6637
32061.0	6638
32062.0	6639
15687.0	6640
15691.0	6641
81230.0	6642
32079.0	6643
15708.0	6644
64861.0	6645
32095.0	6646
81248.0	6647
48482.0	6648
15716.0	6649
81253.0	6650
32101.0	6651
15719.0	6652
64875.0	6653
48499.0	6654
15731.0	6655
64886.0	6656
15738.0	6657
15742.0	6658
15744.0	6659
15745.0	6660
81282.0	6661
15746.0	6662
64896.0	6663
32129.0	6664
64901.0	6665
64903.0	6666
15759.0	6667
15762.0	6668
64916.0	6669
81301.0	6670
81303.0	6671
32151.0	6672
48537.0	6673
64923.0	6674
64925.0	6675
48548.0	6676
48549.0	6677
48553.0	6678
48557.0	6679
32175.0	6680
81328.0	6681
48560.0	6682
32178.0	6683
81331.0	6684
48566.0	6685
64953.0	6686
48570.0	6687
81340.0	6688
81341.0	6689
48575.0	6690
32196.0	6691
15815.0	6692
32203.0	6693
81356.0	6694
64971.0	6695
15822.0	6696
64975.0	6697
64977.0	6698
15829.0	6699
81367.0	6700
64983.0	6701
48602.0	6702
48604.0	6703
15837.0	6704
81375.0	6705
48607.0	6706
64992.0	6707
15842.0	6708
15866.0	6709
65019.0	6710
48638.0	6711
81410.0	6712
32258.0	6713
15876.0	6714
65034.0	6715
48651.0	6716
15887.0	6717
32276.0	6718
81434.0	6719
32291.0	6720
81444.0	6721
15909.0	6722
32293.0	6723
81448.0	6724
65068.0	6725
48685.0	6726
48688.0	6727
15921.0	6728
32313.0	6729
32323.0	6730
15943.0	6731
15948.0	6732
48717.0	6733
48721.0	6734
81494.0	6735
65111.0	6736
48728.0	6737
15973.0	6738
81510.0	6739
81511.0	6740
48747.0	6741
65131.0	6742
15982.0	6743
15985.0	6744
32370.0	6745
15988.0	6746
65140.0	6747
15994.0	6748
65149.0	6749
48772.0	6750
16005.0	6751
48774.0	6752
16008.0	6753
48778.0	6754
48779.0	6755
81548.0	6756
48780.0	6757
48782.0	6758
16014.0	6759
32394.0	6760
32402.0	6761
65173.0	6762
32406.0	6763
32410.0	6764
65179.0	6765
32413.0	6766
48798.0	6767
81573.0	6768
48812.0	6769
65197.0	6770
81583.0	6771
16049.0	6772
65202.0	6773
32436.0	6774
16052.0	6775
16055.0	6776
16056.0	6777
81595.0	6778
32444.0	6779
65213.0	6780
65216.0	6781
48834.0	6782
65221.0	6783
81606.0	6784
48838.0	6785
81610.0	6786
48845.0	6787
32462.0	6788
65236.0	6789
48862.0	6790
81639.0	6791
48872.0	6792
81643.0	6793
65260.0	6794
81646.0	6795
48878.0	6796
65262.0	6797
48884.0	6798
48886.0	6799
81655.0	6800
16118.0	6801
48887.0	6802
32502.0	6803
65277.0	6804
48894.0	6805
81665.0	6806
32515.0	6807
32521.0	6808
32524.0	6809
81677.0	6810
48912.0	6811
32530.0	6812
16148.0	6813
65304.0	6814
32540.0	6815
16157.0	6816
48926.0	6817
16164.0	6818
65318.0	6819
65323.0	6820
16172.0	6821
32560.0	6822
81713.0	6823
16186.0	6824
81723.0	6825
65341.0	6826
16190.0	6827
32574.0	6828
32578.0	6829
32585.0	6830
32590.0	6831
81756.0	6832
32605.0	6833
65376.0	6834
32613.0	6835
32625.0	6836
81778.0	6837
16244.0	6838
49013.0	6839
81780.0	6840
49019.0	6841
81787.0	6842
65406.0	6843
32641.0	6844
32644.0	6845
81797.0	6846
81798.0	6847
32645.0	6848
81800.0	6849
32648.0	6850
65416.0	6851
32653.0	6852
65426.0	6853
65431.0	6854
16280.0	6855
32667.0	6856
49053.0	6857
81836.0	6858
49068.0	6859
65454.0	6860
32687.0	6861
49072.0	6862
16307.0	6863
49077.0	6864
32704.0	6865
32705.0	6866
65476.0	6867
32710.0	6868
81868.0	6869
65485.0	6870
32717.0	6871
32721.0	6872
32725.0	6873
16342.0	6874
65495.0	6875
81883.0	6876
16350.0	6877
81887.0	6878
49122.0	6879
49123.0	6880
65512.0	6881
16363.0	6882
49132.0	6883
16365.0	6884
32748.0	6885
32751.0	6886
65524.0	6887
81909.0	6888
49144.0	6889
16377.0	6890
81916.0	6891
32767.0	6892
