a	b
16384.0	0
32773.0	1
49159.0	2
81927.0	3
49164.0	4
81933.0	5
32786.0	6
32791.0	7
16407.0	8
49178.0	9
32796.0	10
81949.0	11
81950.0	12
16417.0	13
34.0	14
35.0	15
32803.0	16
65570.0	17
65573.0	18
49187.0	19
16421.0	20
16422.0	21
81962.0	22
16426.0	23
32812.0	24
32813.0	25
16429.0	26
81966.0	27
65584.0	28
49199.0	29
16437.0	30
32822.0	31
65594.0	32
66.0	33
32834.0	34
81988.0	35
32842.0	36
49226.0	37
81999.0	38
65620.0	39
86.0	40
16477.0	41
65631.0	42
49247.0	43
49251.0	44
49252.0	45
82022.0	46
65639.0	47
104.0	48
65643.0	49
107.0	50
16495.0	51
82031.0	52
32881.0	53
65650.0	54
16500.0	55
117.0	56
65654.0	57
82040.0	58
16505.0	59
32890.0	60
16507.0	61
65666.0	62
65669.0	63
32905.0	64
49289.0	65
32907.0	66
140.0	67
49296.0	68
16529.0	69
65683.0	70
32917.0	71
16533.0	72
49302.0	73
49304.0	74
49305.0	75
16540.0	76
49309.0	77
32927.0	78
16547.0	79
16556.0	80
32940.0	81
65708.0	82
82095.0	83
32944.0	84
49330.0	85
65718.0	86
187.0	87
82108.0	88
82110.0	89
49343.0	90
16575.0	91
82113.0	92
16580.0	93
49349.0	94
65737.0	95
82124.0	96
32974.0	97
82129.0	98
65747.0	99
32980.0	100
82133.0	101
214.0	102
49366.0	103
65753.0	104
82139.0	105
16604.0	106
49373.0	107
16606.0	108
32999.0	109
65768.0	110
82153.0	111
233.0	112
234.0	113
82151.0	114
49390.0	115
238.0	116
82162.0	117
33011.0	118
248.0	119
16634.0	120
252.0	121
33023.0	122
82175.0	123
255.0	124
33025.0	125
65795.0	126
16640.0	127
16642.0	128
33032.0	129
82185.0	130
33039.0	131
49424.0	132
65813.0	133
33047.0	134
16664.0	135
33049.0	136
33050.0	137
49434.0	138
16666.0	139
49436.0	140
82206.0	141
49438.0	142
65834.0	143
49452.0	144
301.0	145
49453.0	146
16685.0	147
65842.0	148
49468.0	149
82241.0	150
65860.0	151
65861.0	152
16712.0	153
33097.0	154
16716.0	155
333.0	156
49485.0	157
49487.0	158
65873.0	159
65874.0	160
33107.0	161
49491.0	162
82262.0	163
49495.0	164
65881.0	165
82268.0	166
16733.0	167
65886.0	168
65887.0	169
354.0	170
49508.0	171
16742.0	172
82279.0	173
361.0	174
16745.0	175
49514.0	176
375.0	177
33148.0	178
82301.0	179
16774.0	180
16775.0	181
82312.0	182
82313.0	183
16779.0	184
49548.0	185
49551.0	186
405.0	187
82326.0	188
65943.0	189
33178.0	190
410.0	191
82335.0	192
422.0	193
49580.0	194
16812.0	195
33204.0	196
16820.0	197
33208.0	198
443.0	199
444.0	200
82366.0	201
16835.0	202
82372.0	203
33221.0	204
82374.0	205
456.0	206
82384.0	207
33233.0	208
49616.0	209
16848.0	210
82392.0	211
66011.0	212
49630.0	213
82401.0	214
82402.0	215
82408.0	216
33264.0	217
501.0	218
16885.0	219
16889.0	220
16890.0	221
515.0	222
33287.0	223
66058.0	224
33292.0	225
16911.0	226
16913.0	227
82450.0	228
82454.0	229
537.0	230
82460.0	231
33311.0	232
546.0	233
16934.0	234
16935.0	235
16936.0	236
49705.0	237
33325.0	238
558.0	239
66094.0	240
66096.0	241
82477.0	242
66098.0	243
33331.0	244
566.0	245
16951.0	246
66104.0	247
82488.0	248
16953.0	249
66115.0	250
66116.0	251
33347.0	252
82506.0	253
33358.0	254
591.0	255
33360.0	256
593.0	257
82520.0	258
602.0	259
16988.0	260
604.0	261
33380.0	262
49764.0	263
82532.0	264
615.0	265
66152.0	266
49769.0	267
49770.0	268
66155.0	269
66161.0	270
33395.0	271
33396.0	272
632.0	273
66170.0	274
636.0	275
49789.0	276
66174.0	277
66175.0	278
640.0	279
66177.0	280
49790.0	281
49794.0	282
33412.0	283
66183.0	284
33415.0	285
17034.0	286
651.0	287
82572.0	288
17035.0	289
33423.0	290
17039.0	291
49808.0	292
82577.0	293
660.0	294
661.0	295
49813.0	296
666.0	297
17050.0	298
17054.0	299
66207.0	300
672.0	301
33441.0	302
17061.0	303
33448.0	304
33449.0	305
66217.0	306
17065.0	307
49837.0	308
82606.0	309
17071.0	310
49838.0	311
49841.0	312
17073.0	313
82612.0	314
17079.0	315
17081.0	316
33466.0	317
33471.0	318
49856.0	319
33473.0	320
33474.0	321
82625.0	322
33478.0	323
49866.0	324
82642.0	325
49875.0	326
17107.0	327
49880.0	328
49883.0	329
49884.0	330
66272.0	331
49889.0	332
33506.0	333
740.0	334
33510.0	335
743.0	336
49897.0	337
748.0	338
66289.0	339
33522.0	340
66290.0	341
49906.0	342
17139.0	343
66296.0	344
33529.0	345
49914.0	346
763.0	347
33532.0	348
765.0	349
766.0	350
66304.0	351
66310.0	352
82695.0	353
776.0	354
82696.0	355
66315.0	356
49932.0	357
17165.0	358
17168.0	359
787.0	360
788.0	361
49940.0	362
49941.0	363
17176.0	364
17177.0	365
49947.0	366
798.0	367
17184.0	368
82721.0	369
804.0	370
49956.0	371
17199.0	372
66353.0	373
819.0	374
33590.0	375
33592.0	376
825.0	377
82746.0	378
49980.0	379
33598.0	380
834.0	381
66378.0	382
49996.0	383
847.0	384
50003.0	385
33623.0	386
82777.0	387
859.0	388
50018.0	389
867.0	390
82790.0	391
871.0	392
82791.0	393
50025.0	394
17258.0	395
82800.0	396
66419.0	397
17267.0	398
82809.0	399
891.0	400
66428.0	401
66431.0	402
82823.0	403
33676.0	404
82829.0	405
17294.0	406
17298.0	407
82834.0	408
82836.0	409
17299.0	410
918.0	411
919.0	412
66457.0	413
922.0	414
33692.0	415
50078.0	416
17310.0	417
82849.0	418
930.0	419
82853.0	420
33703.0	421
938.0	422
33708.0	423
82860.0	424
944.0	425
66486.0	426
952.0	427
17336.0	428
33722.0	429
50107.0	430
66495.0	431
960.0	432
50115.0	433
66500.0	434
17347.0	435
17348.0	436
66504.0	437
969.0	438
50122.0	439
17355.0	440
974.0	441
17359.0	442
981.0	443
66518.0	444
17365.0	445
33760.0	446
995.0	447
82919.0	448
33770.0	449
66540.0	450
32764.0	451
50160.0	452
17393.0	453
82933.0	454
17398.0	455
17400.0	456
50171.0	457
1021.0	458
50173.0	459
82944.0	460
50177.0	461
82951.0	462
50188.0	463
33807.0	464
1042.0	465
33810.0	466
66579.0	467
50194.0	468
17427.0	469
50208.0	470
50212.0	471
66602.0	472
17452.0	473
17453.0	474
82990.0	475
66609.0	476
1074.0	477
82995.0	478
82998.0	479
82999.0	480
66624.0	481
33862.0	482
83015.0	483
66632.0	484
83018.0	485
50251.0	486
50258.0	487
66643.0	488
17496.0	489
50264.0	490
33882.0	491
33883.0	492
33884.0	493
33885.0	494
50266.0	495
83034.0	496
50268.0	497
50271.0	498
83043.0	499
33893.0	500
1127.0	501
17513.0	502
66671.0	503
83058.0	504
17523.0	505
66677.0	506
66678.0	507
17525.0	508
1145.0	509
66683.0	510
17533.0	511
83070.0	512
66688.0	513
17539.0	514
33926.0	515
50310.0	516
1163.0	517
17548.0	518
1165.0	519
66702.0	520
1166.0	521
33934.0	522
1168.0	523
17549.0	524
1171.0	525
1175.0	526
50329.0	527
1178.0	528
83098.0	529
50331.0	530
66719.0	531
50337.0	532
17571.0	533
50346.0	534
83115.0	535
66733.0	536
83118.0	537
83119.0	538
50352.0	539
50356.0	540
83129.0	541
33979.0	542
50363.0	543
1215.0	544
33984.0	545
50370.0	546
33987.0	547
83139.0	548
50372.0	549
66759.0	550
50377.0	551
83146.0	552
17611.0	553
50380.0	554
34002.0	555
83158.0	556
50391.0	557
50390.0	558
66779.0	559
34012.0	560
34017.0	561
66787.0	562
66797.0	563
1267.0	564
66804.0	565
66805.0	566
83192.0	567
66810.0	568
1277.0	569
17662.0	570
1282.0	571
17667.0	572
66820.0	573
17671.0	574
1287.0	575
83209.0	576
83211.0	577
83218.0	578
17683.0	579
66836.0	580
50453.0	581
83224.0	582
66842.0	583
1313.0	584
66853.0	585
1318.0	586
83237.0	587
83246.0	588
1327.0	589
50485.0	590
1336.0	591
1337.0	592
50489.0	593
50490.0	594
17724.0	595
34113.0	596
83267.0	597
34117.0	598
83269.0	599
17734.0	600
83270.0	601
1353.0	602
1355.0	603
50507.0	604
1357.0	605
34126.0	606
50510.0	607
66896.0	608
34129.0	609
17742.0	610
83278.0	611
1364.0	612
83280.0	613
34144.0	614
66912.0	615
66914.0	616
83300.0	617
1381.0	618
1383.0	619
50540.0	620
17773.0	621
66930.0	622
34163.0	623
17779.0	624
17781.0	625
1397.0	626
83318.0	627
34168.0	628
17783.0	629
34170.0	630
34171.0	631
34172.0	632
66941.0	633
1406.0	634
17786.0	635
66944.0	636
34176.0	637
50554.0	638
83324.0	639
17789.0	640
1413.0	641
50560.0	642
50564.0	643
83337.0	644
1420.0	645
66956.0	646
17804.0	647
34192.0	648
1428.0	649
34196.0	650
17814.0	651
83350.0	652
17816.0	653
1433.0	654
1434.0	655
66970.0	656
50588.0	657
1438.0	658
17825.0	659
34212.0	660
34213.0	661
1447.0	662
34216.0	663
50599.0	664
50600.0	665
83372.0	666
66989.0	667
1455.0	668
50608.0	669
1457.0	670
50610.0	671
34227.0	672
1459.0	673
83380.0	674
50613.0	675
66999.0	676
34235.0	677
67003.0	678
1468.0	679
50623.0	680
1475.0	681
50630.0	682
67018.0	683
83403.0	684
34255.0	685
1487.0	686
17873.0	687
34259.0	688
34260.0	689
83413.0	690
83425.0	691
1507.0	692
83430.0	693
83431.0	694
50667.0	695
67052.0	696
67054.0	697
83438.0	698
1521.0	699
83447.0	700
34299.0	701
67068.0	702
50685.0	703
83455.0	704
17919.0	705
67076.0	706
83461.0	707
17928.0	708
34314.0	709
50700.0	710
1549.0	711
83471.0	712
17936.0	713
17937.0	714
67089.0	715
83473.0	716
1556.0	717
83474.0	718
50710.0	719
50713.0	720
50714.0	721
50717.0	722
50718.0	723
50719.0	724
17954.0	725
1571.0	726
34341.0	727
50726.0	728
17959.0	729
1576.0	730
34346.0	731
17967.0	732
67120.0	733
1587.0	734
50739.0	735
83512.0	736
34362.0	737
83517.0	738
1599.0	739
67135.0	740
17983.0	741
1602.0	742
67140.0	743
1605.0	744
50756.0	745
50760.0	746
1609.0	747
34379.0	748
17995.0	749
18002.0	750
50772.0	751
34389.0	752
18005.0	753
67161.0	754
1625.0	755
67162.0	756
18009.0	757
18014.0	758
50783.0	759
1632.0	760
83553.0	761
50792.0	762
18025.0	763
18026.0	764
1645.0	765
83565.0	766
83567.0	767
50800.0	768
67185.0	769
18034.0	770
83573.0	771
50806.0	772
18040.0	773
83577.0	774
67194.0	775
67195.0	776
83580.0	777
67197.0	778
34429.0	779
18043.0	780
83588.0	781
67205.0	782
34438.0	783
1671.0	784
83591.0	785
67210.0	786
18058.0	787
1676.0	788
34444.0	789
18063.0	790
83601.0	791
1682.0	792
83603.0	793
18068.0	794
50838.0	795
67225.0	796
18074.0	797
83610.0	798
34463.0	799
18079.0	800
83617.0	801
67235.0	802
67236.0	803
83619.0	804
83620.0	805
83624.0	806
50857.0	807
18088.0	808
18091.0	809
50861.0	810
50863.0	811
50867.0	812
83635.0	813
18103.0	814
34491.0	815
67260.0	816
83643.0	817
83647.0	818
67265.0	819
34497.0	820
50882.0	821
18117.0	822
83653.0	823
83656.0	824
83659.0	825
34511.0	826
83663.0	827
34520.0	828
18136.0	829
34522.0	830
67290.0	831
1755.0	832
50906.0	833
50911.0	834
67299.0	835
50915.0	836
50916.0	837
34534.0	838
18152.0	839
1770.0	840
34544.0	841
1777.0	842
18163.0	843
83708.0	844
18175.0	845
67329.0	846
67330.0	847
34563.0	848
1795.0	849
18178.0	850
50947.0	851
1799.0	852
83719.0	853
67336.0	854
50952.0	855
83727.0	856
50966.0	857
67352.0	858
18200.0	859
18204.0	860
1824.0	861
67362.0	862
1829.0	863
50984.0	864
1833.0	865
1835.0	866
18219.0	867
18222.0	868
67377.0	869
1849.0	870
18235.0	871
67388.0	872
1852.0	873
83772.0	874
1858.0	875
83782.0	876
67400.0	877
1865.0	878
1866.0	879
83784.0	880
1869.0	881
51028.0	882
51032.0	883
67418.0	884
34650.0	885
18268.0	886
51037.0	887
83805.0	888
34661.0	889
83814.0	890
18279.0	891
18280.0	892
1897.0	893
1900.0	894
1901.0	895
34670.0	896
34671.0	897
18285.0	898
83824.0	899
51059.0	900
18294.0	901
83833.0	902
51068.0	903
18302.0	904
18303.0	905
51071.0	906
51073.0	907
83844.0	908
34693.0	909
51076.0	910
34698.0	911
67466.0	912
34700.0	913
18314.0	914
1935.0	915
1936.0	916
67475.0	917
83859.0	918
34710.0	919
67480.0	920
67485.0	921
67486.0	922
18333.0	923
67489.0	924
18341.0	925
1959.0	926
34727.0	927
67497.0	928
83882.0	929
83885.0	930
67503.0	931
51122.0	932
51127.0	933
83899.0	934
18363.0	935
83901.0	936
67518.0	937
83903.0	938
34755.0	939
67523.0	940
83909.0	941
83918.0	942
1999.0	943
51156.0	944
51160.0	945
18393.0	946
2010.0	947
34779.0	948
18396.0	949
2019.0	950
51174.0	951
34796.0	952
34797.0	953
83954.0	954
2035.0	955
34806.0	956
2041.0	957
83964.0	958
51200.0	959
18434.0	960
2055.0	961
51211.0	962
83982.0	963
51215.0	964
34833.0	965
83989.0	966
51224.0	967
2073.0	968
18458.0	969
2077.0	970
18461.0	971
34855.0	972
67625.0	973
34858.0	974
18474.0	975
18475.0	976
51243.0	977
34862.0	978
67632.0	979
51249.0	980
84018.0	981
34872.0	982
84024.0	983
34875.0	984
84029.0	985
18494.0	986
84031.0	987
2112.0	988
84033.0	989
2114.0	990
2116.0	991
84036.0	992
18500.0	993
2119.0	994
34887.0	995
18507.0	996
67660.0	997
18511.0	998
34900.0	999
34904.0	1000
67673.0	1001
51289.0	1002
2144.0	1003
84065.0	1004
18529.0	1005
67683.0	1006
51297.0	1007
34920.0	1008
34925.0	1009
67698.0	1010
2164.0	1011
67700.0	1012
34932.0	1013
51324.0	1014
84093.0	1015
2177.0	1016
2178.0	1017
2179.0	1018
34947.0	1019
51331.0	1020
18564.0	1021
34951.0	1022
18566.0	1023
84103.0	1024
18571.0	1025
51340.0	1026
67725.0	1027
2192.0	1028
84128.0	1029
34977.0	1030
51360.0	1031
34979.0	1032
67749.0	1033
51366.0	1034
34987.0	1035
67757.0	1036
84143.0	1037
2224.0	1038
34993.0	1039
34996.0	1040
2231.0	1041
35000.0	1042
67769.0	1043
35006.0	1044
18624.0	1045
35009.0	1046
84162.0	1047
84166.0	1048
51402.0	1049
67789.0	1050
84174.0	1051
67793.0	1052
18643.0	1053
67797.0	1054
2261.0	1055
18646.0	1056
18648.0	1057
84185.0	1058
2268.0	1059
51420.0	1060
84190.0	1061
2275.0	1062
18660.0	1063
18661.0	1064
51432.0	1065
67818.0	1066
51435.0	1067
18666.0	1068
84203.0	1069
51438.0	1070
67825.0	1071
18676.0	1072
2293.0	1073
67831.0	1074
84217.0	1075
2298.0	1076
2299.0	1077
84218.0	1078
35074.0	1079
51462.0	1080
35080.0	1081
51471.0	1082
35090.0	1083
18706.0	1084
84242.0	1085
2326.0	1086
2327.0	1087
35101.0	1088
84256.0	1089
35108.0	1090
35109.0	1091
35112.0	1092
51498.0	1093
2355.0	1094
35123.0	1095
2357.0	1096
84277.0	1097
2359.0	1098
84279.0	1099
18748.0	1100
35133.0	1101
51517.0	1102
2367.0	1103
35136.0	1104
18750.0	1105
2370.0	1106
51519.0	1107
51521.0	1108
84292.0	1109
35146.0	1110
84301.0	1111
51535.0	1112
84304.0	1113
35154.0	1114
51539.0	1115
2390.0	1116
67928.0	1117
51544.0	1118
84314.0	1119
84321.0	1120
51554.0	1121
2405.0	1122
84325.0	1123
18791.0	1124
84326.0	1125
51561.0	1126
51563.0	1127
18795.0	1128
18799.0	1129
2416.0	1130
67953.0	1131
51568.0	1132
18801.0	1133
35190.0	1134
35191.0	1135
51574.0	1136
2425.0	1137
67961.0	1138
67963.0	1139
84346.0	1140
18810.0	1141
18813.0	1142
35203.0	1143
18823.0	1144
18825.0	1145
2442.0	1146
2443.0	1147
51596.0	1148
67979.0	1149
18828.0	1150
67987.0	1151
18839.0	1152
2458.0	1153
51613.0	1154
35232.0	1155
2465.0	1156
35235.0	1157
84390.0	1158
2470.0	1159
51629.0	1160
18861.0	1161
35247.0	1162
51630.0	1163
84400.0	1164
18868.0	1165
18870.0	1166
2487.0	1167
84409.0	1168
51643.0	1169
35260.0	1170
84416.0	1171
84420.0	1172
84422.0	1173
68039.0	1174
84424.0	1175
35273.0	1176
2507.0	1177
35275.0	1178
68045.0	1179
18893.0	1180
2512.0	1181
51664.0	1182
84433.0	1183
84432.0	1184
68052.0	1185
51668.0	1186
84438.0	1187
35287.0	1188
68056.0	1189
84440.0	1190
2523.0	1191
18907.0	1192
68061.0	1193
2526.0	1194
84443.0	1195
84444.0	1196
18914.0	1197
84451.0	1198
2532.0	1199
51683.0	1200
2539.0	1201
68076.0	1202
51694.0	1203
84465.0	1204
18933.0	1205
2551.0	1206
18936.0	1207
35323.0	1208
35325.0	1209
68098.0	1210
35330.0	1211
18946.0	1212
2565.0	1213
2576.0	1214
51729.0	1215
18963.0	1216
84501.0	1217
51735.0	1218
68122.0	1219
84510.0	1220
18976.0	1221
2593.0	1222
84515.0	1223
2597.0	1224
35367.0	1225
35368.0	1226
84525.0	1227
18989.0	1228
84527.0	1229
18992.0	1230
68146.0	1231
68149.0	1232
35385.0	1233
2618.0	1234
2619.0	1235
19001.0	1236
51773.0	1237
51775.0	1238
51778.0	1239
35396.0	1240
84549.0	1241
84552.0	1242
35404.0	1243
35405.0	1244
19020.0	1245
68177.0	1246
84561.0	1247
68179.0	1248
35412.0	1249
68183.0	1250
51799.0	1251
19031.0	1252
68191.0	1253
35429.0	1254
19045.0	1255
2663.0	1256
2664.0	1257
84582.0	1258
68202.0	1259
68203.0	1260
35436.0	1261
35437.0	1262
51814.0	1263
35446.0	1264
19062.0	1265
35448.0	1266
68219.0	1267
19068.0	1268
2688.0	1269
35458.0	1270
51844.0	1271
84613.0	1272
84612.0	1273
2695.0	1274
68231.0	1275
2696.0	1276
51847.0	1277
2699.0	1278
68238.0	1279
19095.0	1280
84633.0	1281
2715.0	1282
19101.0	1283
2718.0	1284
51873.0	1285
2722.0	1286
35490.0	1287
84643.0	1288
84646.0	1289
2729.0	1290
19113.0	1291
84652.0	1292
68269.0	1293
84654.0	1294
35503.0	1295
2736.0	1296
2737.0	1297
2735.0	1298
35504.0	1299
2740.0	1300
68277.0	1301
84660.0	1302
51894.0	1303
2747.0	1304
51900.0	1305
84670.0	1306
84674.0	1307
84680.0	1308
19146.0	1309
51919.0	1310
2774.0	1311
84696.0	1312
84697.0	1313
51928.0	1314
68317.0	1315
68318.0	1316
84707.0	1317
68325.0	1318
51943.0	1319
2794.0	1320
51946.0	1321
84718.0	1322
51950.0	1323
2803.0	1324
51955.0	1325
19188.0	1326
35574.0	1327
84726.0	1328
2808.0	1329
84728.0	1330
2819.0	1331
19204.0	1332
84739.0	1333
51973.0	1334
84743.0	1335
35596.0	1336
51989.0	1337
35610.0	1338
2847.0	1339
2848.0	1340
84767.0	1341
68387.0	1342
19238.0	1343
52008.0	1344
35627.0	1345
19243.0	1346
52012.0	1347
35630.0	1348
52018.0	1349
35635.0	1350
19253.0	1351
35638.0	1352
52022.0	1353
68413.0	1354
68415.0	1355
2880.0	1356
52032.0	1357
35650.0	1358
68421.0	1359
52039.0	1360
84807.0	1361
68427.0	1362
19276.0	1363
68429.0	1364
84813.0	1365
2895.0	1366
35664.0	1367
84817.0	1368
2898.0	1369
35666.0	1370
68439.0	1371
68441.0	1372
19289.0	1373
2908.0	1374
2909.0	1375
84831.0	1376
19301.0	1377
52070.0	1378
52071.0	1379
19305.0	1380
52076.0	1381
19309.0	1382
19310.0	1383
84846.0	1384
52081.0	1385
35698.0	1386
19315.0	1387
2932.0	1388
52085.0	1389
84853.0	1390
52087.0	1391
19317.0	1392
35708.0	1393
2942.0	1394
68479.0	1395
19329.0	1396
19331.0	1397
68485.0	1398
35718.0	1399
35720.0	1400
2956.0	1401
84880.0	1402
84883.0	1403
19348.0	1404
19350.0	1405
68508.0	1406
84895.0	1407
68514.0	1408
2979.0	1409
84899.0	1410
84901.0	1411
52134.0	1412
35751.0	1413
35760.0	1414
52145.0	1415
35761.0	1416
19381.0	1417
35768.0	1418
3001.0	1419
84920.0	1420
3003.0	1421
35774.0	1422
3008.0	1423
52160.0	1424
52163.0	1425
35782.0	1426
3016.0	1427
19400.0	1428
3018.0	1429
35786.0	1430
68556.0	1431
19401.0	1432
52174.0	1433
52169.0	1434
68565.0	1435
19413.0	1436
3033.0	1437
19417.0	1438
68573.0	1439
68578.0	1440
19431.0	1441
3048.0	1442
52201.0	1443
68588.0	1444
52206.0	1445
68592.0	1446
19446.0	1447
3063.0	1448
52215.0	1449
19449.0	1450
84991.0	1451
19461.0	1452
3079.0	1453
35848.0	1454
68618.0	1455
35852.0	1456
3085.0	1457
52239.0	1458
68624.0	1459
19473.0	1460
52243.0	1461
19476.0	1462
85011.0	1463
35862.0	1464
3100.0	1465
52252.0	1466
35872.0	1467
35875.0	1468
68647.0	1469
52263.0	1470
19496.0	1471
68650.0	1472
3115.0	1473
68651.0	1474
19498.0	1475
52270.0	1476
52274.0	1477
85042.0	1478
85046.0	1479
68663.0	1480
35895.0	1481
19511.0	1482
35902.0	1483
52288.0	1484
35908.0	1485
52293.0	1486
3144.0	1487
35917.0	1488
3150.0	1489
35923.0	1490
52308.0	1491
19540.0	1492
19544.0	1493
19545.0	1494
52313.0	1495
3163.0	1496
19548.0	1497
35934.0	1498
68702.0	1499
68703.0	1500
68705.0	1501
19551.0	1502
85093.0	1503
19558.0	1504
68715.0	1505
35955.0	1506
52342.0	1507
68732.0	1508
85116.0	1509
52350.0	1510
19587.0	1511
19589.0	1512
19592.0	1513
35976.0	1514
35978.0	1515
68744.0	1516
35979.0	1517
3212.0	1518
68748.0	1519
85137.0	1520
85142.0	1521
68760.0	1522
3225.0	1523
19612.0	1524
52380.0	1525
3234.0	1526
85155.0	1527
3236.0	1528
52390.0	1529
68775.0	1530
85159.0	1531
68777.0	1532
36010.0	1533
52391.0	1534
36013.0	1535
19632.0	1536
3249.0	1537
36017.0	1538
85169.0	1539
85172.0	1540
36024.0	1541
85176.0	1542
85177.0	1543
3263.0	1544
52417.0	1545
85186.0	1546
36037.0	1547
68805.0	1548
3273.0	1549
85197.0	1550
3280.0	1551
52433.0	1552
19666.0	1553
19668.0	1554
3285.0	1555
85207.0	1556
85208.0	1557
52441.0	1558
3291.0	1559
52445.0	1560
36064.0	1561
3297.0	1562
68833.0	1563
52449.0	1564
19685.0	1565
3302.0	1566
52454.0	1567
19687.0	1568
3309.0	1569
19693.0	1570
68850.0	1571
3318.0	1572
68859.0	1573
19708.0	1574
36093.0	1575
19710.0	1576
3332.0	1577
52485.0	1578
68872.0	1579
85256.0	1580
68880.0	1581
85264.0	1582
19729.0	1583
19730.0	1584
52505.0	1585
52510.0	1586
85283.0	1587
36134.0	1588
85286.0	1589
3368.0	1590
52519.0	1591
3370.0	1592
19753.0	1593
3375.0	1594
36145.0	1595
3378.0	1596
52530.0	1597
3384.0	1598
3385.0	1599
52538.0	1600
85307.0	1601
85309.0	1602
36163.0	1603
19780.0	1604
19782.0	1605
36167.0	1606
36168.0	1607
68938.0	1608
68940.0	1609
36173.0	1610
68941.0	1611
3406.0	1612
3407.0	1613
3408.0	1614
85326.0	1615
19790.0	1616
85336.0	1617
85337.0	1618
85338.0	1619
36187.0	1620
85340.0	1621
85342.0	1622
68959.0	1623
19809.0	1624
3426.0	1625
36195.0	1626
68964.0	1627
36197.0	1628
52579.0	1629
52581.0	1630
85353.0	1631
52587.0	1632
19819.0	1633
19823.0	1634
68976.0	1635
3441.0	1636
52593.0	1637
85367.0	1638
19832.0	1639
3451.0	1640
3453.0	1641
19839.0	1642
3456.0	1643
68993.0	1644
52610.0	1645
36228.0	1646
52617.0	1647
85387.0	1648
36236.0	1649
85392.0	1650
52626.0	1651
19860.0	1652
85397.0	1653
3487.0	1654
36255.0	1655
69025.0	1656
3490.0	1657
69023.0	1658
19874.0	1659
19881.0	1660
3498.0	1661
3502.0	1662
19887.0	1663
85440.0	1664
3523.0	1665
52675.0	1666
69061.0	1667
3527.0	1668
69063.0	1669
36297.0	1670
36303.0	1671
52689.0	1672
85459.0	1673
52692.0	1674
69077.0	1675
3542.0	1676
52691.0	1677
19926.0	1678
3545.0	1679
52693.0	1680
19931.0	1681
69085.0	1682
36319.0	1683
36320.0	1684
19942.0	1685
85486.0	1686
19951.0	1687
36336.0	1688
69104.0	1689
19952.0	1690
52724.0	1691
69110.0	1692
52728.0	1693
19962.0	1694
85501.0	1695
3583.0	1696
69121.0	1697
19969.0	1698
3590.0	1699
85510.0	1700
19975.0	1701
3594.0	1702
85516.0	1703
3602.0	1704
19986.0	1705
52756.0	1706
69144.0	1707
69145.0	1708
3611.0	1709
3613.0	1710
85534.0	1711
69150.0	1712
52771.0	1713
20003.0	1714
69158.0	1715
85543.0	1716
69160.0	1717
85544.0	1718
20011.0	1719
36398.0	1720
69167.0	1721
3638.0	1722
20022.0	1723
85559.0	1724
3641.0	1725
85562.0	1726
20029.0	1727
36415.0	1728
85572.0	1729
85573.0	1730
85578.0	1731
3660.0	1732
85581.0	1733
69198.0	1734
36432.0	1735
69201.0	1736
85586.0	1737
85587.0	1738
20053.0	1739
36438.0	1740
20055.0	1741
3673.0	1742
3675.0	1743
36446.0	1744
52830.0	1745
85600.0	1746
36452.0	1747
85605.0	1748
52841.0	1749
85610.0	1750
69228.0	1751
69230.0	1752
85614.0	1753
3698.0	1754
85619.0	1755
52854.0	1756
85625.0	1757
85627.0	1758
69244.0	1759
36476.0	1760
3708.0	1761
85630.0	1762
85632.0	1763
52864.0	1764
52870.0	1765
3719.0	1766
85652.0	1767
3734.0	1768
36503.0	1769
85659.0	1770
20128.0	1771
85664.0	1772
69282.0	1773
69283.0	1774
20129.0	1775
36517.0	1776
20133.0	1777
69291.0	1778
36523.0	1779
3758.0	1780
69294.0	1781
85678.0	1782
3762.0	1783
20146.0	1784
69300.0	1785
3767.0	1786
36537.0	1787
52924.0	1788
85692.0	1789
69310.0	1790
20162.0	1791
36552.0	1792
69321.0	1793
3788.0	1794
85709.0	1795
85710.0	1796
52946.0	1797
69336.0	1798
20188.0	1799
85724.0	1800
85726.0	1801
36577.0	1802
36581.0	1803
85734.0	1804
85733.0	1805
69352.0	1806
85741.0	1807
36591.0	1808
69359.0	1809
85744.0	1810
85748.0	1811
69367.0	1812
69368.0	1813
3833.0	1814
69369.0	1815
20216.0	1816
52985.0	1817
20220.0	1818
52996.0	1819
85765.0	1820
85767.0	1821
36619.0	1822
3852.0	1823
53005.0	1824
3854.0	1825
3860.0	1826
36634.0	1827
3868.0	1828
69404.0	1829
36636.0	1830
20254.0	1831
36643.0	1832
20259.0	1833
36647.0	1834
85802.0	1835
20267.0	1836
36656.0	1837
85812.0	1838
69429.0	1839
69430.0	1840
36662.0	1841
36669.0	1842
36673.0	1843
3909.0	1844
36680.0	1845
85832.0	1846
36682.0	1847
3915.0	1848
20296.0	1849
53069.0	1850
20301.0	1851
20304.0	1852
36688.0	1853
3927.0	1854
36698.0	1855
53084.0	1856
3936.0	1857
53090.0	1858
3949.0	1859
20333.0	1860
36719.0	1861
36720.0	1862
53104.0	1863
3955.0	1864
53108.0	1865
69495.0	1866
53112.0	1867
85881.0	1868
3963.0	1869
69500.0	1870
20348.0	1871
20349.0	1872
85888.0	1873
20354.0	1874
3974.0	1875
69514.0	1876
85899.0	1877
3981.0	1878
53133.0	1879
69519.0	1880
69521.0	1881
69523.0	1882
69525.0	1883
20373.0	1884
53142.0	1885
69528.0	1886
36767.0	1887
53151.0	1888
85921.0	1889
36770.0	1890
85923.0	1891
69541.0	1892
36776.0	1893
53160.0	1894
36782.0	1895
20402.0	1896
36788.0	1897
4021.0	1898
36790.0	1899
4022.0	1900
20405.0	1901
85947.0	1902
53180.0	1903
85949.0	1904
69568.0	1905
69569.0	1906
53184.0	1907
85955.0	1908
53188.0	1909
36806.0	1910
4040.0	1911
85964.0	1912
53196.0	1913
36814.0	1914
4048.0	1915
85970.0	1916
53205.0	1917
36821.0	1918
36822.0	1919
4055.0	1920
36825.0	1921
36826.0	1922
69605.0	1923
85990.0	1924
69607.0	1925
20454.0	1926
85993.0	1927
85997.0	1928
69627.0	1929
69628.0	1930
69630.0	1931
4099.0	1932
53252.0	1933
69640.0	1934
20489.0	1935
86026.0	1936
4111.0	1937
86033.0	1938
36884.0	1939
53268.0	1940
69656.0	1941
20512.0	1942
4131.0	1943
20515.0	1944
4133.0	1945
53290.0	1946
36908.0	1947
53297.0	1948
53298.0	1949
20531.0	1950
69686.0	1951
36918.0	1952
86070.0	1953
53304.0	1954
53306.0	1955
4159.0	1956
20545.0	1957
36932.0	1958
36933.0	1959
86084.0	1960
20549.0	1961
53317.0	1962
20551.0	1963
53322.0	1964
4172.0	1965
4179.0	1966
36948.0	1967
4180.0	1968
36947.0	1969
4183.0	1970
36952.0	1971
20563.0	1972
4189.0	1973
86112.0	1974
69730.0	1975
4196.0	1976
86117.0	1977
4205.0	1978
69742.0	1979
20589.0	1980
86131.0	1981
69750.0	1982
53366.0	1983
20599.0	1984
36986.0	1985
53370.0	1986
4221.0	1987
69759.0	1988
4225.0	1989
36995.0	1990
36999.0	1991
69770.0	1992
69773.0	1993
20621.0	1994
37007.0	1995
69776.0	1996
86161.0	1997
20626.0	1998
53400.0	1999
86169.0	2000
53401.0	2001
4253.0	2002
86177.0	2003
69800.0	2004
69801.0	2005
20649.0	2006
4276.0	2007
4280.0	2008
69816.0	2009
4285.0	2010
37053.0	2011
86208.0	2012
86211.0	2013
86212.0	2014
4293.0	2015
69832.0	2016
53448.0	2017
37070.0	2018
20686.0	2019
4305.0	2020
37074.0	2021
4308.0	2022
20694.0	2023
53462.0	2024
86232.0	2025
4316.0	2026
4317.0	2027
37088.0	2028
37090.0	2029
86243.0	2030
37092.0	2031
53477.0	2032
53478.0	2033
20720.0	2034
4337.0	2035
20722.0	2036
69875.0	2037
86260.0	2038
20725.0	2039
69879.0	2040
53497.0	2041
20739.0	2042
53512.0	2043
4362.0	2044
4363.0	2045
69899.0	2046
53514.0	2047
37134.0	2048
53516.0	2049
37136.0	2050
53517.0	2051
37138.0	2052
37139.0	2053
86286.0	2054
86290.0	2055
53526.0	2056
37143.0	2057
53528.0	2058
37145.0	2059
86297.0	2060
4380.0	2061
37151.0	2062
69922.0	2063
4386.0	2064
53539.0	2065
4389.0	2066
37157.0	2067
53540.0	2068
69928.0	2069
20771.0	2070
86314.0	2071
20780.0	2072
4398.0	2073
53553.0	2074
20792.0	2075
69948.0	2076
86335.0	2077
4415.0	2078
53569.0	2079
4419.0	2080
37187.0	2081
53573.0	2082
53581.0	2083
86349.0	2084
69970.0	2085
53586.0	2086
69972.0	2087
20819.0	2088
86362.0	2089
69992.0	2090
53609.0	2091
20844.0	2092
53617.0	2093
20852.0	2094
20853.0	2095
53622.0	2096
70008.0	2097
4473.0	2098
4474.0	2099
53627.0	2100
70018.0	2101
4482.0	2102
20876.0	2103
86414.0	2104
37263.0	2105
86415.0	2106
53646.0	2107
53651.0	2108
20884.0	2109
70038.0	2110
37271.0	2111
4502.0	2112
86427.0	2113
53659.0	2114
20894.0	2115
4511.0	2116
37279.0	2117
86441.0	2118
70058.0	2119
4526.0	2120
53679.0	2121
86449.0	2122
53681.0	2123
37300.0	2124
53685.0	2125
4536.0	2126
86456.0	2127
86458.0	2128
37307.0	2129
70076.0	2130
70077.0	2131
4544.0	2132
86470.0	2133
70087.0	2134
86472.0	2135
70093.0	2136
53714.0	2137
4568.0	2138
20955.0	2139
20956.0	2140
37343.0	2141
4576.0	2142
86505.0	2143
70122.0	2144
53737.0	2145
20970.0	2146
4589.0	2147
53743.0	2148
20975.0	2149
4593.0	2150
4595.0	2151
70132.0	2152
4596.0	2153
4598.0	2154
37366.0	2155
20979.0	2156
70138.0	2157
86524.0	2158
20992.0	2159
20993.0	2160
53762.0	2161
53760.0	2162
37380.0	2163
21000.0	2164
53769.0	2165
37387.0	2166
37391.0	2167
86543.0	2168
53779.0	2169
21014.0	2170
4637.0	2171
53795.0	2172
37412.0	2173
53796.0	2174
70188.0	2175
70191.0	2176
53808.0	2177
21045.0	2178
53816.0	2179
53818.0	2180
4667.0	2181
70202.0	2182
21053.0	2183
4671.0	2184
53824.0	2185
86592.0	2186
70214.0	2187
21063.0	2188
4682.0	2189
70219.0	2190
70222.0	2191
37455.0	2192
70230.0	2193
37463.0	2194
4696.0	2195
53853.0	2196
37470.0	2197
21087.0	2198
70241.0	2199
21089.0	2200
70244.0	2201
53863.0	2202
21096.0	2203
86635.0	2204
21101.0	2205
4718.0	2206
53870.0	2207
86640.0	2208
21104.0	2209
86644.0	2210
21109.0	2211
37494.0	2212
21114.0	2213
70269.0	2214
53885.0	2215
4744.0	2216
86664.0	2217
37514.0	2218
21137.0	2219
53908.0	2220
4758.0	2221
21147.0	2222
37532.0	2223
37538.0	2224
70306.0	2225
86690.0	2226
86694.0	2227
4775.0	2228
21158.0	2229
21160.0	2230
21162.0	2231
37548.0	2232
37552.0	2233
4785.0	2234
37554.0	2235
21168.0	2236
21171.0	2237
53940.0	2238
37558.0	2239
86713.0	2240
37566.0	2241
21182.0	2242
86718.0	2243
4801.0	2244
21183.0	2245
53950.0	2246
37576.0	2247
4814.0	2248
21207.0	2249
70360.0	2250
53978.0	2251
53979.0	2252
4829.0	2253
53981.0	2254
70367.0	2255
53985.0	2256
37601.0	2257
86754.0	2258
70372.0	2259
53988.0	2260
70375.0	2261
21223.0	2262
70377.0	2263
4842.0	2264
86760.0	2265
21230.0	2266
53998.0	2267
86772.0	2268
86773.0	2269
37622.0	2270
54005.0	2271
37625.0	2272
70394.0	2273
21242.0	2274
54012.0	2275
70397.0	2276
4862.0	2277
21245.0	2278
4864.0	2279
86782.0	2280
21251.0	2281
21252.0	2282
70406.0	2283
4872.0	2284
37640.0	2285
21258.0	2286
86796.0	2287
37646.0	2288
37648.0	2289
4880.0	2290
21265.0	2291
86802.0	2292
37653.0	2293
54039.0	2294
21275.0	2295
70428.0	2296
54044.0	2297
4894.0	2298
21276.0	2299
86814.0	2300
37665.0	2301
70434.0	2302
37667.0	2303
4897.0	2304
4900.0	2305
54059.0	2306
86830.0	2307
21297.0	2308
21298.0	2309
54066.0	2310
70452.0	2311
86843.0	2312
37695.0	2313
4928.0	2314
54080.0	2315
4931.0	2316
4937.0	2317
70473.0	2318
4938.0	2319
54094.0	2320
37711.0	2321
21331.0	2322
37717.0	2323
4949.0	2324
4951.0	2325
37720.0	2326
21337.0	2327
54107.0	2328
37727.0	2329
37729.0	2330
37730.0	2331
4965.0	2332
21351.0	2333
4968.0	2334
54123.0	2335
21357.0	2336
21358.0	2337
21359.0	2338
54127.0	2339
4979.0	2340
21365.0	2341
37751.0	2342
4984.0	2343
86905.0	2344
70522.0	2345
21371.0	2346
4988.0	2347
37756.0	2348
37758.0	2349
4992.0	2350
4993.0	2351
37762.0	2352
21376.0	2353
54145.0	2354
54146.0	2355
21380.0	2356
70535.0	2357
21382.0	2358
54153.0	2359
70539.0	2360
37771.0	2361
54159.0	2362
5008.0	2363
54163.0	2364
37782.0	2365
86936.0	2366
5018.0	2367
54172.0	2368
21404.0	2369
21406.0	2370
86943.0	2371
21407.0	2372
54175.0	2373
37798.0	2374
70567.0	2375
86950.0	2376
86956.0	2377
37805.0	2378
86958.0	2379
70575.0	2380
86960.0	2381
21431.0	2382
5048.0	2383
5049.0	2384
86969.0	2385
37820.0	2386
21437.0	2387
5057.0	2388
70595.0	2389
70597.0	2390
37830.0	2391
37836.0	2392
54223.0	2393
5072.0	2394
86991.0	2395
54227.0	2396
54230.0	2397
21463.0	2398
5080.0	2399
21464.0	2400
21472.0	2401
21473.0	2402
70626.0	2403
54243.0	2404
54245.0	2405
37870.0	2406
54254.0	2407
37878.0	2408
54262.0	2409
37881.0	2410
87035.0	2411
5118.0	2412
87039.0	2413
37889.0	2414
21506.0	2415
37894.0	2416
70663.0	2417
54279.0	2418
5129.0	2419
87051.0	2420
21516.0	2421
54287.0	2422
54288.0	2423
37905.0	2424
87061.0	2425
87062.0	2426
54295.0	2427
87064.0	2428
87063.0	2429
70684.0	2430
21533.0	2431
37920.0	2432
21537.0	2433
5155.0	2434
5156.0	2435
54309.0	2436
37923.0	2437
70696.0	2438
87082.0	2439
5163.0	2440
70700.0	2441
70699.0	2442
5164.0	2443
21551.0	2444
70704.0	2445
37937.0	2446
87090.0	2447
87091.0	2448
54327.0	2449
54328.0	2450
5177.0	2451
37945.0	2452
87098.0	2453
37954.0	2454
54339.0	2455
87108.0	2456
21575.0	2457
54346.0	2458
54349.0	2459
54353.0	2460
5202.0	2461
37972.0	2462
70742.0	2463
70743.0	2464
37975.0	2465
21590.0	2466
87126.0	2467
87130.0	2468
54362.0	2469
70749.0	2470
5216.0	2471
21601.0	2472
21603.0	2473
70757.0	2474
54373.0	2475
87141.0	2476
70760.0	2477
37992.0	2478
37995.0	2479
70765.0	2480
37998.0	2481
5235.0	2482
38004.0	2483
54388.0	2484
70773.0	2485
5239.0	2486
38008.0	2487
87155.0	2488
21620.0	2489
54389.0	2490
70780.0	2491
87159.0	2492
54391.0	2493
87163.0	2494
54396.0	2495
54400.0	2496
21633.0	2497
70788.0	2498
70789.0	2499
87173.0	2500
21640.0	2501
70794.0	2502
5259.0	2503
70797.0	2504
38030.0	2505
87194.0	2506
21660.0	2507
70818.0	2508
38051.0	2509
38050.0	2510
70821.0	2511
5286.0	2512
38053.0	2513
21677.0	2514
21682.0	2515
70843.0	2516
5309.0	2517
70847.0	2518
21696.0	2519
38081.0	2520
5313.0	2521
54466.0	2522
21698.0	2523
70853.0	2524
54467.0	2525
38095.0	2526
5328.0	2527
5331.0	2528
21715.0	2529
87260.0	2530
54493.0	2531
5345.0	2532
38119.0	2533
87273.0	2534
21741.0	2535
70894.0	2536
87278.0	2537
5365.0	2538
87287.0	2539
54523.0	2540
87294.0	2541
70913.0	2542
70915.0	2543
5383.0	2544
5385.0	2545
87308.0	2546
21775.0	2547
21780.0	2548
5398.0	2549
21783.0	2550
38168.0	2551
5401.0	2552
38172.0	2553
87324.0	2554
87332.0	2555
5413.0	2556
70949.0	2557
38183.0	2558
70951.0	2559
87336.0	2560
21806.0	2561
70960.0	2562
70962.0	2563
21811.0	2564
54580.0	2565
54582.0	2566
21814.0	2567
21818.0	2568
38203.0	2569
21819.0	2570
54589.0	2571
21824.0	2572
38209.0	2573
54594.0	2574
87364.0	2575
38219.0	2576
70988.0	2577
87372.0	2578
5458.0	2579
21843.0	2580
5461.0	2581
21848.0	2582
54618.0	2583
5468.0	2584
71006.0	2585
71008.0	2586
54630.0	2587
21864.0	2588
71018.0	2589
71021.0	2590
54638.0	2591
87408.0	2592
5490.0	2593
54642.0	2594
87411.0	2595
54644.0	2596
54646.0	2597
54648.0	2598
21881.0	2599
21882.0	2600
38271.0	2601
38272.0	2602
5506.0	2603
71042.0	2604
87426.0	2605
71051.0	2606
54667.0	2607
5518.0	2608
5519.0	2609
5521.0	2610
5526.0	2611
87448.0	2612
5531.0	2613
5537.0	2614
71073.0	2615
54693.0	2616
54694.0	2617
21927.0	2618
71080.0	2619
21929.0	2620
54695.0	2621
5548.0	2622
38318.0	2623
5554.0	2624
54708.0	2625
71093.0	2626
21942.0	2627
38331.0	2628
21948.0	2629
5565.0	2630
21949.0	2631
21950.0	2632
87485.0	2633
21952.0	2634
21953.0	2635
71107.0	2636
21959.0	2637
54730.0	2638
54732.0	2639
21967.0	2640
5584.0	2641
38352.0	2642
21970.0	2643
71123.0	2644
5588.0	2645
71125.0	2646
38358.0	2647
71124.0	2648
38361.0	2649
54745.0	2650
54748.0	2651
38369.0	2652
21986.0	2653
71143.0	2654
71144.0	2655
38386.0	2656
5620.0	2657
5623.0	2658
5624.0	2659
71162.0	2660
54779.0	2661
71164.0	2662
22011.0	2663
22012.0	2664
71170.0	2665
38412.0	2666
54798.0	2667
38417.0	2668
5651.0	2669
22035.0	2670
71189.0	2671
87573.0	2672
38423.0	2673
87574.0	2674
5657.0	2675
22042.0	2676
22044.0	2677
54816.0	2678
38433.0	2679
22051.0	2680
54820.0	2681
71208.0	2682
5673.0	2683
87593.0	2684
22058.0	2685
54828.0	2686
87597.0	2687
71214.0	2688
5679.0	2689
87604.0	2690
5685.0	2691
54838.0	2692
54843.0	2693
5696.0	2694
22082.0	2695
71236.0	2696
38469.0	2697
87629.0	2698
5711.0	2699
22095.0	2700
38485.0	2701
71254.0	2702
38487.0	2703
38489.0	2704
38491.0	2705
22107.0	2706
54875.0	2707
22109.0	2708
5727.0	2709
38497.0	2710
71265.0	2711
22114.0	2712
54886.0	2713
54887.0	2714
87657.0	2715
71279.0	2716
22130.0	2717
54899.0	2718
22133.0	2719
87672.0	2720
5757.0	2721
54909.0	2722
87678.0	2723
87680.0	2724
22145.0	2725
54914.0	2726
22150.0	2727
38535.0	2728
87687.0	2729
87689.0	2730
54922.0	2731
54924.0	2732
71316.0	2733
5785.0	2734
38554.0	2735
71322.0	2736
22169.0	2737
54939.0	2738
22172.0	2739
54941.0	2740
87715.0	2741
71333.0	2742
87718.0	2743
71336.0	2744
5801.0	2745
22186.0	2746
5803.0	2747
71339.0	2748
71342.0	2749
5807.0	2750
54959.0	2751
22198.0	2752
5819.0	2753
87739.0	2754
5823.0	2755
71359.0	2756
87750.0	2757
71370.0	2758
5836.0	2759
71376.0	2760
54992.0	2761
71382.0	2762
38615.0	2763
54999.0	2764
87773.0	2765
87775.0	2766
87776.0	2767
22241.0	2768
55015.0	2769
55016.0	2770
55017.0	2771
22250.0	2772
22252.0	2773
55020.0	2774
38641.0	2775
5874.0	2776
5879.0	2777
38650.0	2778
55035.0	2779
38653.0	2780
22270.0	2781
55038.0	2782
22274.0	2783
55044.0	2784
5894.0	2785
71431.0	2786
22281.0	2787
87817.0	2788
55051.0	2789
87820.0	2790
38670.0	2791
87823.0	2792
38672.0	2793
87825.0	2794
22290.0	2795
87826.0	2796
22291.0	2797
5909.0	2798
71446.0	2799
38679.0	2800
87832.0	2801
22301.0	2802
71460.0	2803
55077.0	2804
5930.0	2805
22315.0	2806
87850.0	2807
87854.0	2808
38703.0	2809
5935.0	2810
22319.0	2811
22323.0	2812
38708.0	2813
71477.0	2814
22324.0	2815
22326.0	2816
87867.0	2817
22331.0	2818
5950.0	2819
38724.0	2820
38725.0	2821
22342.0	2822
87879.0	2823
22344.0	2824
87883.0	2825
55121.0	2826
55127.0	2827
22367.0	2828
71520.0	2829
5985.0	2830
5984.0	2831
38753.0	2832
22368.0	2833
55142.0	2834
87911.0	2835
5993.0	2836
5994.0	2837
5995.0	2838
5996.0	2839
87913.0	2840
55146.0	2841
22377.0	2842
71543.0	2843
38776.0	2844
6009.0	2845
22398.0	2846
38786.0	2847
22403.0	2848
87941.0	2849
6023.0	2850
87954.0	2851
71572.0	2852
87956.0	2853
71576.0	2854
71577.0	2855
22424.0	2856
55195.0	2857
38813.0	2858
87966.0	2859
55201.0	2860
38818.0	2861
38820.0	2862
6053.0	2863
22436.0	2864
55204.0	2865
71592.0	2866
38824.0	2867
87972.0	2868
38827.0	2869
87982.0	2870
6063.0	2871
71600.0	2872
55219.0	2873
38836.0	2874
22457.0	2875
87997.0	2876
38849.0	2877
71619.0	2878
55235.0	2879
71622.0	2880
55242.0	2881
22476.0	2882
71630.0	2883
22482.0	2884
71638.0	2885
22487.0	2886
22488.0	2887
55257.0	2888
38874.0	2889
71653.0	2890
55269.0	2891
55270.0	2892
88038.0	2893
55273.0	2894
22519.0	2895
6138.0	2896
22523.0	2897
71676.0	2898
71677.0	2899
71678.0	2900
38911.0	2901
38912.0	2902
6145.0	2903
55298.0	2904
6152.0	2905
22537.0	2906
71690.0	2907
22539.0	2908
71692.0	2909
6159.0	2910
38928.0	2911
38930.0	2912
55317.0	2913
38934.0	2914
38935.0	2915
88085.0	2916
71706.0	2917
55329.0	2918
71714.0	2919
6183.0	2920
6186.0	2921
71723.0	2922
38956.0	2923
88109.0	2924
22574.0	2925
88115.0	2926
55348.0	2927
55350.0	2928
88118.0	2929
38970.0	2930
71740.0	2931
6206.0	2932
38977.0	2933
88133.0	2934
22598.0	2935
22599.0	2936
88139.0	2937
38993.0	2938
38994.0	2939
6230.0	2940
38999.0	2941
71768.0	2942
39000.0	2943
6234.0	2944
6235.0	2945
71779.0	2946
22630.0	2947
6248.0	2948
71787.0	2949
6254.0	2950
71791.0	2951
39026.0	2952
55411.0	2953
71796.0	2954
71798.0	2955
88189.0	2956
88191.0	2957
71810.0	2958
39044.0	2959
6277.0	2960
6276.0	2961
39046.0	2962
39045.0	2963
6281.0	2964
22664.0	2965
88208.0	2966
22674.0	2967
6291.0	2968
71828.0	2969
22677.0	2970
71830.0	2971
6298.0	2972
71834.0	2973
55450.0	2974
71837.0	2975
55454.0	2976
22687.0	2977
39074.0	2978
88228.0	2979
22693.0	2980
22696.0	2981
71850.0	2982
55466.0	2983
88234.0	2984
39085.0	2985
55470.0	2986
55471.0	2987
88241.0	2988
39092.0	2989
71861.0	2990
22710.0	2991
39101.0	2992
39106.0	2993
6344.0	2994
55497.0	2995
88267.0	2996
22731.0	2997
88270.0	2998
39118.0	2999
88271.0	3000
22742.0	3001
71896.0	3002
55513.0	3003
71898.0	3004
6362.0	3005
6364.0	3006
88284.0	3007
71903.0	3008
6369.0	3009
71905.0	3010
6370.0	3011
55521.0	3012
88290.0	3013
71910.0	3014
55527.0	3015
22766.0	3016
22768.0	3017
6387.0	3018
39156.0	3019
6390.0	3020
55548.0	3021
55549.0	3022
39167.0	3023
22785.0	3024
55555.0	3025
88326.0	3026
88327.0	3027
6409.0	3028
6410.0	3029
71947.0	3030
6412.0	3031
71945.0	3032
39182.0	3033
55563.0	3034
55564.0	3035
22798.0	3036
55567.0	3037
71956.0	3038
71958.0	3039
55574.0	3040
88342.0	3041
71963.0	3042
88350.0	3043
55585.0	3044
6434.0	3045
55586.0	3046
22821.0	3047
39212.0	3048
22829.0	3049
55597.0	3050
39217.0	3051
55601.0	3052
88373.0	3053
22842.0	3054
71995.0	3055
22844.0	3056
6464.0	3057
6466.0	3058
55620.0	3059
22856.0	3060
22858.0	3061
55627.0	3062
88397.0	3063
6478.0	3064
88399.0	3065
72019.0	3066
39251.0	3067
39261.0	3068
39268.0	3069
72039.0	3070
6506.0	3071
39274.0	3072
22892.0	3073
39277.0	3074
6512.0	3075
72053.0	3076
22902.0	3077
22903.0	3078
55676.0	3079
6528.0	3080
88448.0	3081
55681.0	3082
6531.0	3083
88454.0	3084
88455.0	3085
88457.0	3086
39307.0	3087
88460.0	3088
55693.0	3089
88463.0	3090
6544.0	3091
39313.0	3092
72082.0	3093
6546.0	3094
72084.0	3095
39314.0	3096
55695.0	3097
72087.0	3098
88465.0	3099
88471.0	3100
72092.0	3101
6561.0	3102
55713.0	3103
22946.0	3104
72101.0	3105
72102.0	3106
6567.0	3107
72104.0	3108
39337.0	3109
72105.0	3110
22949.0	3111
22956.0	3112
55726.0	3113
6579.0	3114
39348.0	3115
6582.0	3116
55736.0	3117
72122.0	3118
39357.0	3119
22978.0	3120
6597.0	3121
55749.0	3122
6601.0	3123
55754.0	3124
88526.0	3125
6607.0	3126
88532.0	3127
88536.0	3128
88539.0	3129
23004.0	3130
23008.0	3131
23010.0	3132
6629.0	3133
55783.0	3134
39400.0	3135
72169.0	3136
88554.0	3137
55787.0	3138
55789.0	3139
23022.0	3140
72175.0	3141
88558.0	3142
88561.0	3143
23023.0	3144
6643.0	3145
39414.0	3146
88568.0	3147
55803.0	3148
39421.0	3149
55805.0	3150
55810.0	3151
72196.0	3152
55814.0	3153
88583.0	3154
39435.0	3155
55819.0	3156
72205.0	3157
23053.0	3158
88593.0	3159
88594.0	3160
88595.0	3161
23059.0	3162
88596.0	3163
55830.0	3164
88599.0	3165
55832.0	3166
23068.0	3167
23069.0	3168
23071.0	3169
39460.0	3170
55846.0	3171
88615.0	3172
6700.0	3173
23084.0	3174
88623.0	3175
6705.0	3176
39484.0	3177
55871.0	3178
88641.0	3179
88642.0	3180
6723.0	3181
6726.0	3182
23115.0	3183
55886.0	3184
72272.0	3185
23122.0	3186
23125.0	3187
6747.0	3188
55903.0	3189
23136.0	3190
72295.0	3191
39529.0	3192
55915.0	3193
23148.0	3194
72302.0	3195
39535.0	3196
55920.0	3197
55925.0	3198
88696.0	3199
55932.0	3200
88700.0	3201
88702.0	3202
55933.0	3203
55936.0	3204
39553.0	3205
88705.0	3206
88710.0	3207
88712.0	3208
88715.0	3209
6798.0	3210
23184.0	3211
39569.0	3212
55954.0	3213
39571.0	3214
72340.0	3215
6804.0	3216
72341.0	3217
23189.0	3218
23191.0	3219
23193.0	3220
88730.0	3221
88733.0	3222
55967.0	3223
88738.0	3224
88743.0	3225
39597.0	3226
39602.0	3227
88754.0	3228
72372.0	3229
55987.0	3230
23220.0	3231
88764.0	3232
6845.0	3233
23230.0	3234
39617.0	3235
72389.0	3236
88777.0	3237
39628.0	3238
72397.0	3239
23245.0	3240
23251.0	3241
88791.0	3242
72408.0	3243
72409.0	3244
56026.0	3245
56024.0	3246
6878.0	3247
39647.0	3248
23265.0	3249
6882.0	3250
88801.0	3251
39654.0	3252
88807.0	3253
88810.0	3254
23277.0	3255
39663.0	3256
56047.0	3257
88816.0	3258
39666.0	3259
23280.0	3260
56050.0	3261
56049.0	3262
39670.0	3263
88824.0	3264
6907.0	3265
6916.0	3266
39690.0	3267
72459.0	3268
6924.0	3269
88844.0	3270
56076.0	3271
23310.0	3272
6929.0	3273
23315.0	3274
88851.0	3275
72476.0	3276
56097.0	3277
23333.0	3278
56103.0	3279
39722.0	3280
39723.0	3281
6958.0	3282
88878.0	3283
39731.0	3284
23349.0	3285
56127.0	3286
56130.0	3287
23363.0	3288
72517.0	3289
56138.0	3290
6988.0	3291
88908.0	3292
23372.0	3293
56142.0	3294
56144.0	3295
39761.0	3296
39762.0	3297
88916.0	3298
72533.0	3299
23383.0	3300
72537.0	3301
23386.0	3302
7003.0	3303
88925.0	3304
39774.0	3305
88926.0	3306
39779.0	3307
56164.0	3308
39780.0	3309
56166.0	3310
88942.0	3311
88943.0	3312
39793.0	3313
23409.0	3314
7028.0	3315
7032.0	3316
23421.0	3317
72584.0	3318
23435.0	3319
7052.0	3320
88972.0	3321
39823.0	3322
23446.0	3323
39831.0	3324
7065.0	3325
39838.0	3326
39839.0	3327
72608.0	3328
7074.0	3329
23459.0	3330
72613.0	3331
56234.0	3332
39856.0	3333
7090.0	3334
39862.0	3335
7100.0	3336
89020.0	3337
72638.0	3338
56258.0	3339
7109.0	3340
89029.0	3341
23496.0	3342
89033.0	3343
56264.0	3344
39884.0	3345
39886.0	3346
89042.0	3347
7123.0	3348
56275.0	3349
72661.0	3350
72665.0	3351
39900.0	3352
72668.0	3353
39902.0	3354
72669.0	3355
89055.0	3356
7138.0	3357
56291.0	3358
7142.0	3359
39911.0	3360
23527.0	3361
89067.0	3362
39916.0	3363
56303.0	3364
23536.0	3365
56304.0	3366
39922.0	3367
56309.0	3368
23543.0	3369
72696.0	3370
72698.0	3371
72701.0	3372
56320.0	3373
7169.0	3374
89088.0	3375
23554.0	3376
56324.0	3377
89094.0	3378
56328.0	3379
23561.0	3380
72717.0	3381
89103.0	3382
23569.0	3383
72722.0	3384
72724.0	3385
56341.0	3386
89110.0	3387
56345.0	3388
89115.0	3389
56348.0	3390
89117.0	3391
23580.0	3392
89123.0	3393
23590.0	3394
72744.0	3395
56360.0	3396
39981.0	3397
23597.0	3398
7216.0	3399
89139.0	3400
7220.0	3401
39989.0	3402
39990.0	3403
23607.0	3404
39992.0	3405
7231.0	3406
40000.0	3407
23618.0	3408
89154.0	3409
72773.0	3410
72774.0	3411
72775.0	3412
23622.0	3413
72777.0	3414
89160.0	3415
23624.0	3416
7244.0	3417
40013.0	3418
72782.0	3419
7249.0	3420
7250.0	3421
56403.0	3422
40020.0	3423
72788.0	3424
89173.0	3425
56407.0	3426
23640.0	3427
89177.0	3428
7258.0	3429
89175.0	3430
56411.0	3431
23643.0	3432
7265.0	3433
7266.0	3434
89187.0	3435
56417.0	3436
56419.0	3437
23654.0	3438
89199.0	3439
23672.0	3440
40058.0	3441
72829.0	3442
89216.0	3443
23680.0	3444
72835.0	3445
7300.0	3446
72836.0	3447
7305.0	3448
40075.0	3449
40077.0	3450
23693.0	3451
72847.0	3452
23696.0	3453
40081.0	3454
7314.0	3455
72851.0	3456
23697.0	3457
72853.0	3458
23700.0	3459
89237.0	3460
56471.0	3461
23706.0	3462
56475.0	3463
56478.0	3464
7327.0	3465
72864.0	3466
23712.0	3467
72866.0	3468
72869.0	3469
89254.0	3470
7335.0	3471
40106.0	3472
72877.0	3473
7342.0	3474
7343.0	3475
40112.0	3476
23728.0	3477
7346.0	3478
23731.0	3479
23730.0	3480
56502.0	3481
40119.0	3482
89270.0	3483
56505.0	3484
89274.0	3485
40124.0	3486
72896.0	3487
7366.0	3488
7369.0	3489
72906.0	3490
7372.0	3491
40141.0	3492
40144.0	3493
7378.0	3494
56536.0	3495
7385.0	3496
7386.0	3497
23773.0	3498
40159.0	3499
7392.0	3500
40161.0	3501
56544.0	3502
89313.0	3503
89312.0	3504
40167.0	3505
23785.0	3506
40172.0	3507
72940.0	3508
23790.0	3509
23791.0	3510
72944.0	3511
40177.0	3512
89332.0	3513
56565.0	3514
40182.0	3515
7414.0	3516
40185.0	3517
72954.0	3518
72956.0	3519
56573.0	3520
23806.0	3521
89344.0	3522
56577.0	3523
56582.0	3524
56584.0	3525
56586.0	3526
72972.0	3527
72973.0	3528
72976.0	3529
7441.0	3530
89360.0	3531
89365.0	3532
40214.0	3533
56603.0	3534
40221.0	3535
89378.0	3536
56615.0	3537
40236.0	3538
73005.0	3539
56620.0	3540
23854.0	3541
89398.0	3542
23862.0	3543
23864.0	3544
73019.0	3545
40252.0	3546
56641.0	3547
7490.0	3548
73028.0	3549
40260.0	3550
40262.0	3551
73031.0	3552
73034.0	3553
40267.0	3554
40268.0	3555
23885.0	3556
56655.0	3557
7505.0	3558
73046.0	3559
7511.0	3560
23896.0	3561
7515.0	3562
7516.0	3563
23903.0	3564
89442.0	3565
7523.0	3566
7524.0	3567
56675.0	3568
23910.0	3569
7527.0	3570
89446.0	3571
40299.0	3572
7531.0	3573
40301.0	3574
56685.0	3575
40307.0	3576
73075.0	3577
73077.0	3578
56693.0	3579
56701.0	3580
73091.0	3581
89476.0	3582
7561.0	3583
73100.0	3584
89487.0	3585
73111.0	3586
73112.0	3587
40344.0	3588
73114.0	3589
73115.0	3590
73116.0	3591
7578.0	3592
73118.0	3593
56728.0	3594
23960.0	3595
7586.0	3596
73124.0	3597
89509.0	3598
56742.0	3599
56741.0	3600
40360.0	3601
89516.0	3602
73135.0	3603
73139.0	3604
7604.0	3605
7605.0	3606
7606.0	3607
56761.0	3608
89529.0	3609
73147.0	3610
73149.0	3611
89540.0	3612
40389.0	3613
24006.0	3614
7623.0	3615
56779.0	3616
40397.0	3617
7635.0	3618
40404.0	3619
7637.0	3620
40406.0	3621
40409.0	3622
24025.0	3623
73182.0	3624
40415.0	3625
89568.0	3626
89575.0	3627
24039.0	3628
7662.0	3629
7663.0	3630
7668.0	3631
7671.0	3632
24055.0	3633
40441.0	3634
56831.0	3635
89603.0	3636
7683.0	3637
40453.0	3638
73223.0	3639
89608.0	3640
73228.0	3641
40461.0	3642
7693.0	3643
89622.0	3644
40471.0	3645
89623.0	3646
40474.0	3647
24092.0	3648
89629.0	3649
89632.0	3650
89634.0	3651
7715.0	3652
24100.0	3653
56870.0	3654
56872.0	3655
7725.0	3656
56878.0	3657
7727.0	3658
73264.0	3659
24113.0	3660
73267.0	3661
89653.0	3662
7737.0	3663
40506.0	3664
40505.0	3665
40509.0	3666
89668.0	3667
56903.0	3668
40523.0	3669
56909.0	3670
73295.0	3671
7759.0	3672
24145.0	3673
89682.0	3674
56918.0	3675
56919.0	3676
73305.0	3677
40538.0	3678
73313.0	3679
73315.0	3680
7789.0	3681
73327.0	3682
7794.0	3683
7796.0	3684
7801.0	3685
56954.0	3686
40571.0	3687
40577.0	3688
73349.0	3689
89734.0	3690
73352.0	3691
73354.0	3692
89739.0	3693
24205.0	3694
73358.0	3695
40591.0	3696
24206.0	3697
56976.0	3698
24213.0	3699
7830.0	3700
89752.0	3701
89755.0	3702
73372.0	3703
56989.0	3704
24220.0	3705
73375.0	3706
40608.0	3707
89760.0	3708
7842.0	3709
56993.0	3710
56996.0	3711
73383.0	3712
7850.0	3713
89771.0	3714
57004.0	3715
7857.0	3716
89779.0	3717
7860.0	3718
73398.0	3719
57015.0	3720
57018.0	3721
24252.0	3722
73405.0	3723
73408.0	3724
40641.0	3725
7875.0	3726
73412.0	3727
89797.0	3728
73414.0	3729
89800.0	3730
7884.0	3731
7889.0	3732
7890.0	3733
40657.0	3734
40661.0	3735
40662.0	3736
7894.0	3737
89813.0	3738
7897.0	3739
24281.0	3740
73435.0	3741
7900.0	3742
24283.0	3743
24287.0	3744
89826.0	3745
40675.0	3746
24305.0	3747
57077.0	3748
73466.0	3749
7931.0	3750
40698.0	3751
57083.0	3752
57084.0	3753
7935.0	3754
24322.0	3755
24325.0	3756
24326.0	3757
89867.0	3758
40717.0	3759
24333.0	3760
89872.0	3761
40722.0	3762
40724.0	3763
7956.0	3764
73500.0	3765
57119.0	3766
40736.0	3767
73506.0	3768
89891.0	3769
40740.0	3770
57123.0	3771
40742.0	3772
57128.0	3773
73513.0	3774
24360.0	3775
7979.0	3776
89900.0	3777
73517.0	3778
73521.0	3779
7986.0	3780
89906.0	3781
57139.0	3782
73525.0	3783
89907.0	3784
73529.0	3785
57147.0	3786
89916.0	3787
7997.0	3788
24383.0	3789
40771.0	3790
73540.0	3791
24387.0	3792
57157.0	3793
89925.0	3794
8010.0	3795
89932.0	3796
8016.0	3797
73560.0	3798
73561.0	3799
40794.0	3800
89944.0	3801
40796.0	3802
24409.0	3803
57178.0	3804
40799.0	3805
73569.0	3806
40802.0	3807
40803.0	3808
89953.0	3809
24420.0	3810
24426.0	3811
89963.0	3812
57198.0	3813
73590.0	3814
73591.0	3815
40822.0	3816
73593.0	3817
24440.0	3818
73598.0	3819
40831.0	3820
8064.0	3821
73600.0	3822
24447.0	3823
8067.0	3824
89992.0	3825
73614.0	3826
89999.0	3827
8080.0	3828
8084.0	3829
73623.0	3830
8088.0	3831
73634.0	3832
90018.0	3833
57252.0	3834
24486.0	3835
8109.0	3836
57262.0	3837
73647.0	3838
57264.0	3839
73651.0	3840
90036.0	3841
24504.0	3842
73657.0	3843
40891.0	3844
57275.0	3845
24510.0	3846
24511.0	3847
90046.0	3848
8130.0	3849
8137.0	3850
24523.0	3851
90059.0	3852
24526.0	3853
73682.0	3854
57301.0	3855
8151.0	3856
8152.0	3857
73695.0	3858
40929.0	3859
90082.0	3860
8165.0	3861
40933.0	3862
57318.0	3863
8172.0	3864
73715.0	3865
8180.0	3866
90100.0	3867
90101.0	3868
73719.0	3869
8184.0	3870
24570.0	3871
8188.0	3872
24573.0	3873
57341.0	3874
57343.0	3875
57344.0	3876
73729.0	3877
73730.0	3878
57353.0	3879
90123.0	3880
40975.0	3881
40977.0	3882
40980.0	3883
73750.0	3884
90136.0	3885
24601.0	3886
90139.0	3887
40988.0	3888
8221.0	3889
73758.0	3890
73759.0	3891
24604.0	3892
90141.0	3893
90144.0	3894
40995.0	3895
90148.0	3896
41005.0	3897
90157.0	3898
8239.0	3899
73777.0	3900
90161.0	3901
24626.0	3902
73780.0	3903
24630.0	3904
90172.0	3905
8253.0	3906
90173.0	3907
73793.0	3908
73795.0	3909
90181.0	3910
24645.0	3911
8266.0	3912
8267.0	3913
57419.0	3914
57420.0	3915
41039.0	3916
57424.0	3917
57425.0	3918
24659.0	3919
41048.0	3920
73817.0	3921
90201.0	3922
57442.0	3923
8291.0	3924
73829.0	3925
73831.0	3926
90217.0	3927
41066.0	3928
8298.0	3929
90218.0	3930
8302.0	3931
24688.0	3932
73841.0	3933
41075.0	3934
57462.0	3935
8316.0	3936
8318.0	3937
41091.0	3938
8326.0	3939
73868.0	3940
57486.0	3941
57489.0	3942
57490.0	3943
73875.0	3944
8341.0	3945
57494.0	3946
57505.0	3947
8354.0	3948
24738.0	3949
24740.0	3950
73895.0	3951
24746.0	3952
73903.0	3953
8368.0	3954
41137.0	3955
41135.0	3956
57525.0	3957
41142.0	3958
24757.0	3959
57531.0	3960
8382.0	3961
90303.0	3962
57539.0	3963
73926.0	3964
57542.0	3965
90315.0	3966
73932.0	3967
8398.0	3968
57550.0	3969
73937.0	3970
90322.0	3971
8407.0	3972
8408.0	3973
41177.0	3974
41178.0	3975
8411.0	3976
41182.0	3977
90339.0	3978
8420.0	3979
8422.0	3980
24809.0	3981
24813.0	3982
41200.0	3983
57587.0	3984
24824.0	3985
8447.0	3986
41216.0	3987
73986.0	3988
57603.0	3989
8452.0	3990
8453.0	3991
57605.0	3992
41223.0	3993
73996.0	3994
90386.0	3995
74004.0	3996
24853.0	3997
8475.0	3998
41243.0	3999
57629.0	4000
74013.0	4001
24859.0	4002
24866.0	4003
8485.0	4004
57641.0	4005
41258.0	4006
24876.0	4007
24882.0	4008
41270.0	4009
41271.0	4010
41274.0	4011
41277.0	4012
41278.0	4013
74047.0	4014
8512.0	4015
57661.0	4016
74050.0	4017
24898.0	4018
57667.0	4019
41285.0	4020
8518.0	4021
41287.0	4022
8517.0	4023
57668.0	4024
8522.0	4025
8523.0	4026
57673.0	4027
74062.0	4028
24914.0	4029
24916.0	4030
74069.0	4031
57685.0	4032
8540.0	4033
41310.0	4034
74081.0	4035
24934.0	4036
74086.0	4037
24935.0	4038
90470.0	4039
8559.0	4040
24943.0	4041
8561.0	4042
24944.0	4043
24947.0	4044
74100.0	4045
8566.0	4046
24951.0	4047
74104.0	4048
41337.0	4049
8570.0	4050
57720.0	4051
74108.0	4052
57719.0	4053
24958.0	4054
57726.0	4055
90498.0	4056
8579.0	4057
57733.0	4058
57734.0	4059
24967.0	4060
8585.0	4061
41354.0	4062
8587.0	4063
90508.0	4064
90518.0	4065
74136.0	4066
74139.0	4067
41372.0	4068
57755.0	4069
57758.0	4070
90527.0	4071
74145.0	4072
74146.0	4073
24993.0	4074
74152.0	4075
8617.0	4076
8618.0	4077
25003.0	4078
57771.0	4079
74161.0	4080
41393.0	4081
8628.0	4082
41397.0	4083
41399.0	4084
8635.0	4085
57787.0	4086
41405.0	4087
25023.0	4088
57792.0	4089
8641.0	4090
41413.0	4091
90565.0	4092
90566.0	4093
90570.0	4094
57802.0	4095
57806.0	4096
25042.0	4097
57812.0	4098
41429.0	4099
41431.0	4100
57815.0	4101
8665.0	4102
74204.0	4103
8669.0	4104
74209.0	4105
74211.0	4106
74215.0	4107
25066.0	4108
90609.0	4109
8690.0	4110
90611.0	4111
74229.0	4112
8696.0	4113
25083.0	4114
41469.0	4115
74238.0	4116
57853.0	4117
90626.0	4118
90627.0	4119
41477.0	4120
74248.0	4121
41482.0	4122
41483.0	4123
41487.0	4124
8722.0	4125
74262.0	4126
8730.0	4127
41500.0	4128
41501.0	4129
8733.0	4130
90653.0	4131
57887.0	4132
90656.0	4133
74276.0	4134
41509.0	4135
57892.0	4136
90663.0	4137
74282.0	4138
25130.0	4139
57901.0	4140
57902.0	4141
41519.0	4142
41521.0	4143
25137.0	4144
8755.0	4145
57907.0	4146
90679.0	4147
74297.0	4148
74298.0	4149
8763.0	4150
41532.0	4151
90682.0	4152
90686.0	4153
8769.0	4154
8770.0	4155
41540.0	4156
90695.0	4157
74312.0	4158
8778.0	4159
74315.0	4160
74316.0	4161
8781.0	4162
25166.0	4163
41553.0	4164
41557.0	4165
57946.0	4166
90715.0	4167
90716.0	4168
8804.0	4169
8805.0	4170
25190.0	4171
41573.0	4172
8807.0	4173
57969.0	4174
57971.0	4175
57972.0	4176
57975.0	4177
41592.0	4178
25209.0	4179
25211.0	4180
90747.0	4181
41598.0	4182
8833.0	4183
41602.0	4184
57985.0	4185
8836.0	4186
25218.0	4187
90755.0	4188
90759.0	4189
41612.0	4190
74380.0	4191
8849.0	4192
90770.0	4193
41619.0	4194
41620.0	4195
74389.0	4196
25237.0	4197
58007.0	4198
90777.0	4199
90779.0	4200
41628.0	4201
58011.0	4202
74398.0	4203
58014.0	4204
8867.0	4205
58020.0	4206
41637.0	4207
8872.0	4208
74409.0	4209
74410.0	4210
74412.0	4211
8877.0	4212
41646.0	4213
25261.0	4214
41653.0	4215
8888.0	4216
8890.0	4217
25276.0	4218
25277.0	4219
25280.0	4220
25281.0	4221
8902.0	4222
41672.0	4223
41673.0	4224
90826.0	4225
8907.0	4226
74445.0	4227
41677.0	4228
90829.0	4229
25294.0	4230
41681.0	4231
58065.0	4232
41684.0	4233
8918.0	4234
90840.0	4235
41689.0	4236
41690.0	4237
90844.0	4238
8934.0	4239
90857.0	4240
25321.0	4241
58091.0	4242
8944.0	4243
25328.0	4244
90865.0	4245
25333.0	4246
90873.0	4247
90874.0	4248
8958.0	4249
8963.0	4250
74501.0	4251
74503.0	4252
58119.0	4253
25353.0	4254
41740.0	4255
8974.0	4256
74515.0	4257
58133.0	4258
8983.0	4259
58138.0	4260
90909.0	4261
8992.0	4262
25377.0	4263
8995.0	4264
74534.0	4265
41772.0	4266
58158.0	4267
58159.0	4268
90926.0	4269
74547.0	4270
74551.0	4271
90936.0	4272
90940.0	4273
25413.0	4274
74566.0	4275
25418.0	4276
58193.0	4277
41810.0	4278
74580.0	4279
58198.0	4280
58210.0	4281
58211.0	4282
74596.0	4283
41829.0	4284
41830.0	4285
41832.0	4286
41833.0	4287
9065.0	4288
41834.0	4289
58219.0	4290
90991.0	4291
41846.0	4292
9079.0	4293
91000.0	4294
9083.0	4295
74619.0	4296
41851.0	4297
41852.0	4298
74625.0	4299
25473.0	4300
9091.0	4301
25476.0	4302
25478.0	4303
91015.0	4304
25480.0	4305
25485.0	4306
9102.0	4307
25486.0	4308
58256.0	4309
58258.0	4310
41876.0	4311
25493.0	4312
9113.0	4313
41881.0	4314
58266.0	4315
58269.0	4316
9119.0	4317
91041.0	4318
91042.0	4319
41891.0	4320
9124.0	4321
58278.0	4322
74663.0	4323
58280.0	4324
25511.0	4325
74667.0	4326
25517.0	4327
41902.0	4328
91059.0	4329
41908.0	4330
74677.0	4331
74676.0	4332
25523.0	4333
25527.0	4334
41915.0	4335
25534.0	4336
25542.0	4337
25544.0	4338
9165.0	4339
58319.0	4340
74705.0	4341
58324.0	4342
91094.0	4343
9176.0	4344
74718.0	4345
9183.0	4346
41952.0	4347
74722.0	4348
74727.0	4349
25576.0	4350
74729.0	4351
91116.0	4352
9203.0	4353
25588.0	4354
41973.0	4355
25591.0	4356
91127.0	4357
58361.0	4358
58364.0	4359
74750.0	4360
58367.0	4361
74758.0	4362
74759.0	4363
91144.0	4364
9223.0	4365
74761.0	4366
58378.0	4367
25613.0	4368
41999.0	4369
25616.0	4370
58387.0	4371
91155.0	4372
25620.0	4373
91158.0	4374
74775.0	4375
42008.0	4376
42010.0	4377
74787.0	4378
91171.0	4379
58405.0	4380
74790.0	4381
25638.0	4382
42024.0	4383
91177.0	4384
25642.0	4385
91181.0	4386
42031.0	4387
9264.0	4388
9265.0	4389
58417.0	4390
58418.0	4391
91186.0	4392
58421.0	4393
74810.0	4394
25658.0	4395
74819.0	4396
58436.0	4397
74829.0	4398
9294.0	4399
91213.0	4400
42064.0	4401
42065.0	4402
42066.0	4403
58449.0	4404
58452.0	4405
9302.0	4406
74838.0	4407
58455.0	4408
25689.0	4409
9308.0	4410
9309.0	4411
25696.0	4412
58465.0	4413
42083.0	4414
9316.0	4415
74853.0	4416
25702.0	4417
9319.0	4418
58470.0	4419
25704.0	4420
74859.0	4421
42092.0	4422
74862.0	4423
25712.0	4424
74867.0	4425
9332.0	4426
25718.0	4427
91260.0	4428
25725.0	4429
91263.0	4430
25727.0	4431
74886.0	4432
74887.0	4433
74891.0	4434
25740.0	4435
9357.0	4436
25744.0	4437
9361.0	4438
74898.0	4439
74900.0	4440
42135.0	4441
42139.0	4442
74911.0	4443
58530.0	4444
58535.0	4445
42154.0	4446
25771.0	4447
74928.0	4448
74929.0	4449
91312.0	4450
58546.0	4451
42165.0	4452
42166.0	4453
58550.0	4454
9400.0	4455
42169.0	4456
25783.0	4457
91320.0	4458
25789.0	4459
42175.0	4460
91329.0	4461
58564.0	4462
42186.0	4463
42188.0	4464
91342.0	4465
91344.0	4466
91346.0	4467
42199.0	4468
25816.0	4469
9434.0	4470
91354.0	4471
25819.0	4472
9440.0	4473
91360.0	4474
58592.0	4475
9447.0	4476
74984.0	4477
74990.0	4478
25839.0	4479
9455.0	4480
58606.0	4481
25843.0	4482
58614.0	4483
75003.0	4484
91388.0	4485
25854.0	4486
25855.0	4487
91390.0	4488
25870.0	4489
75023.0	4490
75024.0	4491
9487.0	4492
75025.0	4493
75027.0	4494
25872.0	4495
58645.0	4496
91410.0	4497
91412.0	4498
58646.0	4499
25880.0	4500
9501.0	4501
9504.0	4502
58659.0	4503
58660.0	4504
75046.0	4505
9511.0	4506
91435.0	4507
91441.0	4508
91453.0	4509
25919.0	4510
42309.0	4511
91463.0	4512
25928.0	4513
25929.0	4514
42314.0	4515
9547.0	4516
75084.0	4517
9546.0	4518
91470.0	4519
42319.0	4520
25937.0	4521
75091.0	4522
75093.0	4523
9557.0	4524
75095.0	4525
75097.0	4526
58714.0	4527
25946.0	4528
58717.0	4529
58720.0	4530
58721.0	4531
25955.0	4532
9572.0	4533
9573.0	4534
25956.0	4535
58729.0	4536
42346.0	4537
9578.0	4538
42348.0	4539
42349.0	4540
75120.0	4541
42352.0	4542
91504.0	4543
25975.0	4544
91514.0	4545
9595.0	4546
91515.0	4547
91519.0	4548
58755.0	4549
42376.0	4550
9609.0	4551
91533.0	4552
58765.0	4553
9615.0	4554
58768.0	4555
75154.0	4556
58770.0	4557
42392.0	4558
9624.0	4559
58777.0	4560
26013.0	4561
9630.0	4562
58783.0	4563
91552.0	4564
58789.0	4565
75176.0	4566
75180.0	4567
9644.0	4568
91564.0	4569
58800.0	4570
75185.0	4571
75187.0	4572
91571.0	4573
58803.0	4574
26037.0	4575
42423.0	4576
26038.0	4577
58807.0	4578
26044.0	4579
42429.0	4580
91581.0	4581
9663.0	4582
42431.0	4583
9667.0	4584
9668.0	4585
91592.0	4586
42444.0	4587
42445.0	4588
58829.0	4589
9679.0	4590
26062.0	4591
75219.0	4592
91603.0	4593
26067.0	4594
9686.0	4595
26070.0	4596
26071.0	4597
75225.0	4598
26073.0	4599
58843.0	4600
58847.0	4601
9697.0	4602
91617.0	4603
91618.0	4604
26084.0	4605
58853.0	4606
42470.0	4607
58854.0	4608
42473.0	4609
42474.0	4610
42476.0	4611
58862.0	4612
42482.0	4613
91634.0	4614
91640.0	4615
9724.0	4616
58876.0	4617
42496.0	4618
9728.0	4619
75265.0	4620
26113.0	4621
58884.0	4622
9733.0	4623
42502.0	4624
91653.0	4625
42504.0	4626
58886.0	4627
91657.0	4628
9740.0	4629
58895.0	4630
42518.0	4631
42525.0	4632
91677.0	4633
58912.0	4634
91681.0	4635
58914.0	4636
26148.0	4637
26150.0	4638
9768.0	4639
9774.0	4640
75311.0	4641
91695.0	4642
26160.0	4643
9778.0	4644
9780.0	4645
26165.0	4646
26170.0	4647
58940.0	4648
42558.0	4649
91711.0	4650
9791.0	4651
75329.0	4652
91715.0	4653
42564.0	4654
75337.0	4655
9801.0	4656
42571.0	4657
9803.0	4658
91723.0	4659
75342.0	4660
91726.0	4661
9808.0	4662
58963.0	4663
9812.0	4664
42581.0	4665
91734.0	4666
42583.0	4667
42584.0	4668
58967.0	4669
91739.0	4670
42594.0	4671
91754.0	4672
91755.0	4673
42606.0	4674
26223.0	4675
42608.0	4676
9845.0	4677
42617.0	4678
75385.0	4679
59002.0	4680
91774.0	4681
42628.0	4682
91780.0	4683
59013.0	4684
75399.0	4685
59014.0	4686
42633.0	4687
59021.0	4688
59022.0	4689
42641.0	4690
26257.0	4691
59028.0	4692
26263.0	4693
59031.0	4694
26267.0	4695
26268.0	4696
91809.0	4697
59044.0	4698
42663.0	4699
26279.0	4700
42669.0	4701
42671.0	4702
59058.0	4703
91827.0	4704
91829.0	4705
75446.0	4706
9911.0	4707
75450.0	4708
42682.0	4709
59074.0	4710
9923.0	4711
42692.0	4712
9925.0	4713
59075.0	4714
59077.0	4715
75464.0	4716
91848.0	4717
59081.0	4718
42699.0	4719
26315.0	4720
91855.0	4721
91858.0	4722
91859.0	4723
42710.0	4724
26332.0	4725
26334.0	4726
9952.0	4727
75491.0	4728
42725.0	4729
59109.0	4730
26343.0	4731
9962.0	4732
59115.0	4733
26351.0	4734
26352.0	4735
26357.0	4736
26358.0	4737
91895.0	4738
42746.0	4739
26363.0	4740
26366.0	4741
75520.0	4742
9987.0	4743
75529.0	4744
9993.0	4745
26378.0	4746
26380.0	4747
26382.0	4748
42767.0	4749
91922.0	4750
75544.0	4751
26394.0	4752
59163.0	4753
75549.0	4754
26407.0	4755
10025.0	4756
91946.0	4757
75564.0	4758
91949.0	4759
75566.0	4760
26415.0	4761
75573.0	4762
26423.0	4763
42808.0	4764
75581.0	4765
42814.0	4766
26429.0	4767
26430.0	4768
91967.0	4769
42818.0	4770
91970.0	4771
10052.0	4772
91973.0	4773
42822.0	4774
91975.0	4775
91977.0	4776
42826.0	4777
75595.0	4778
10061.0	4779
91981.0	4780
75600.0	4781
59221.0	4782
91989.0	4783
42839.0	4784
42842.0	4785
75613.0	4786
75618.0	4787
42854.0	4788
42856.0	4789
75625.0	4790
42858.0	4791
92009.0	4792
59247.0	4793
26481.0	4794
26482.0	4795
10100.0	4796
75639.0	4797
26489.0	4798
75649.0	4799
75650.0	4800
26500.0	4801
10118.0	4802
10119.0	4803
42886.0	4804
10120.0	4805
42887.0	4806
10122.0	4807
92039.0	4808
42894.0	4809
26510.0	4810
92047.0	4811
26511.0	4812
26512.0	4813
92050.0	4814
42900.0	4815
59285.0	4816
59286.0	4817
75671.0	4818
59287.0	4819
92056.0	4820
26523.0	4821
59291.0	4822
59293.0	4823
92064.0	4824
59304.0	4825
10154.0	4826
75691.0	4827
10155.0	4828
92074.0	4829
10158.0	4830
59307.0	4831
10161.0	4832
10162.0	4833
92082.0	4834
59315.0	4835
75703.0	4836
26551.0	4837
42937.0	4838
59324.0	4839
26557.0	4840
42943.0	4841
92095.0	4842
10177.0	4843
42947.0	4844
26564.0	4845
59337.0	4846
59340.0	4847
59341.0	4848
10191.0	4849
42960.0	4850
26575.0	4851
26579.0	4852
10196.0	4853
59348.0	4854
92117.0	4855
75739.0	4856
59355.0	4857
92126.0	4858
92128.0	4859
92132.0	4860
42981.0	4861
75750.0	4862
26602.0	4863
75755.0	4864
42988.0	4865
59373.0	4866
75765.0	4867
75766.0	4868
10233.0	4869
43002.0	4870
26621.0	4871
10240.0	4872
10241.0	4873
59395.0	4874
26628.0	4875
43015.0	4876
26633.0	4877
43018.0	4878
75790.0	4879
26641.0	4880
26642.0	4881
26643.0	4882
43028.0	4883
59415.0	4884
43035.0	4885
75806.0	4886
10271.0	4887
59424.0	4888
92198.0	4889
43047.0	4890
26663.0	4891
10281.0	4892
75818.0	4893
43051.0	4894
75819.0	4895
59434.0	4896
10286.0	4897
92203.0	4898
10288.0	4899
75825.0	4900
26671.0	4901
59444.0	4902
75829.0	4903
43064.0	4904
75837.0	4905
59461.0	4906
10310.0	4907
43080.0	4908
92232.0	4909
75850.0	4910
75851.0	4911
92233.0	4912
75853.0	4913
59464.0	4914
59465.0	4915
92235.0	4916
26701.0	4917
26702.0	4918
59473.0	4919
92245.0	4920
92246.0	4921
59483.0	4922
59484.0	4923
92252.0	4924
43102.0	4925
75871.0	4926
92256.0	4927
92265.0	4928
43116.0	4929
75884.0	4930
92271.0	4931
75888.0	4932
59505.0	4933
43121.0	4934
59504.0	4935
26743.0	4936
92282.0	4937
26749.0	4938
92289.0	4939
43139.0	4940
92293.0	4941
43144.0	4942
43146.0	4943
43149.0	4944
26767.0	4945
10384.0	4946
10388.0	4947
75925.0	4948
59543.0	4949
92311.0	4950
92313.0	4951
43162.0	4952
26777.0	4953
10396.0	4954
59548.0	4955
59549.0	4956
59552.0	4957
26784.0	4958
26787.0	4959
26789.0	4960
10408.0	4961
59560.0	4962
26793.0	4963
26797.0	4964
59566.0	4965
92334.0	4966
92336.0	4967
75955.0	4968
26803.0	4969
92340.0	4970
59573.0	4971
26807.0	4972
43198.0	4973
10431.0	4974
59583.0	4975
75970.0	4976
10435.0	4977
26821.0	4978
75977.0	4979
43209.0	4980
26827.0	4981
26825.0	4982
26832.0	4983
92369.0	4984
59603.0	4985
92374.0	4986
43229.0	4987
43231.0	4988
10463.0	4989
92384.0	4990
10466.0	4991
76016.0	4992
26865.0	4993
76018.0	4994
26867.0	4995
92404.0	4996
10487.0	4997
10488.0	4998
76025.0	4999
92410.0	5000
76029.0	5001
10493.0	5002
26880.0	5003
59648.0	5004
76035.0	5005
59655.0	5006
43272.0	5007
59658.0	5008
26894.0	5009
92433.0	5010
92434.0	5011
76051.0	5012
43288.0	5013
76059.0	5014
59675.0	5015
26908.0	5016
43294.0	5017
10528.0	5018
10529.0	5019
59684.0	5020
76072.0	5021
43309.0	5022
76090.0	5023
92475.0	5024
43324.0	5025
43325.0	5026
59709.0	5027
10558.0	5028
43328.0	5029
10562.0	5030
26948.0	5031
59717.0	5032
10567.0	5033
92487.0	5034
10570.0	5035
59726.0	5036
43343.0	5037
76112.0	5038
26960.0	5039
76115.0	5040
59732.0	5041
76126.0	5042
76132.0	5043
59748.0	5044
43367.0	5045
10600.0	5046
43370.0	5047
76141.0	5048
59757.0	5049
76143.0	5050
43376.0	5051
43377.0	5052
26990.0	5053
43380.0	5054
59764.0	5055
10614.0	5056
26998.0	5057
10618.0	5058
43388.0	5059
76157.0	5060
76158.0	5061
92540.0	5062
92543.0	5063
43394.0	5064
10627.0	5065
76164.0	5066
27020.0	5067
43408.0	5068
76177.0	5069
92561.0	5070
59794.0	5071
43412.0	5072
43414.0	5073
76182.0	5074
27030.0	5075
59799.0	5076
27033.0	5077
10651.0	5078
59804.0	5079
76188.0	5080
92572.0	5081
10656.0	5082
92580.0	5083
76198.0	5084
10664.0	5085
43432.0	5086
92585.0	5087
27057.0	5088
10675.0	5089
27060.0	5090
43446.0	5091
27062.0	5092
59832.0	5093
43449.0	5094
27063.0	5095
59833.0	5096
27068.0	5097
27069.0	5098
10687.0	5099
43456.0	5100
43455.0	5101
92607.0	5102
43459.0	5103
76229.0	5104
43462.0	5105
10700.0	5106
27086.0	5107
43471.0	5108
10706.0	5109
43480.0	5110
76249.0	5111
59867.0	5112
10716.0	5113
59868.0	5114
10718.0	5115
92639.0	5116
92641.0	5117
59873.0	5118
59877.0	5119
43498.0	5120
59882.0	5121
27117.0	5122
92654.0	5123
10740.0	5124
59893.0	5125
59896.0	5126
76281.0	5127
92665.0	5128
10749.0	5129
43517.0	5130
76287.0	5131
92673.0	5132
10757.0	5133
10759.0	5134
92679.0	5135
59919.0	5136
10770.0	5137
10771.0	5138
92693.0	5139
76312.0	5140
92698.0	5141
27165.0	5142
10787.0	5143
10788.0	5144
59939.0	5145
76327.0	5146
59944.0	5147
76330.0	5148
43564.0	5149
59949.0	5150
10798.0	5151
43567.0	5152
92718.0	5153
43569.0	5154
59955.0	5155
92724.0	5156
59958.0	5157
10807.0	5158
10810.0	5159
92731.0	5160
92732.0	5161
10813.0	5162
92734.0	5163
27202.0	5164
27206.0	5165
10823.0	5166
43592.0	5167
92743.0	5168
43597.0	5169
43600.0	5170
92755.0	5171
10837.0	5172
92759.0	5173
92760.0	5174
92761.0	5175
76379.0	5176
59995.0	5177
27231.0	5178
92769.0	5179
43618.0	5180
43622.0	5181
10856.0	5182
76395.0	5183
10859.0	5184
76397.0	5185
43630.0	5186
92783.0	5187
76402.0	5188
10868.0	5189
92791.0	5190
27258.0	5191
27260.0	5192
92802.0	5193
43651.0	5194
76420.0	5195
76424.0	5196
76425.0	5197
60042.0	5198
10899.0	5199
43668.0	5200
27288.0	5201
10914.0	5202
10919.0	5203
76456.0	5204
10921.0	5205
76458.0	5206
27303.0	5207
43692.0	5208
92845.0	5209
10927.0	5210
43698.0	5211
76468.0	5212
27317.0	5213
10932.0	5214
92856.0	5215
76475.0	5216
76482.0	5217
27330.0	5218
92866.0	5219
60103.0	5220
60104.0	5221
92871.0	5222
60105.0	5223
92875.0	5224
60108.0	5225
60113.0	5226
43731.0	5227
76500.0	5228
60118.0	5229
27356.0	5230
27357.0	5231
27360.0	5232
43745.0	5233
92896.0	5234
92900.0	5235
76519.0	5236
92907.0	5237
43756.0	5238
60144.0	5239
76531.0	5240
92916.0	5241
92915.0	5242
92919.0	5243
11000.0	5244
43769.0	5245
92923.0	5246
11005.0	5247
27389.0	5248
60159.0	5249
76546.0	5250
27397.0	5251
92936.0	5252
60170.0	5253
60172.0	5254
76558.0	5255
43791.0	5256
27408.0	5257
43793.0	5258
27415.0	5259
92957.0	5260
43806.0	5261
11040.0	5262
76576.0	5263
27425.0	5264
60193.0	5265
60196.0	5266
92966.0	5267
60199.0	5268
27431.0	5269
11049.0	5270
76588.0	5271
11054.0	5272
92976.0	5273
76594.0	5274
11059.0	5275
76596.0	5276
76597.0	5277
92981.0	5278
60217.0	5279
11067.0	5280
76608.0	5281
92995.0	5282
92999.0	5283
76617.0	5284
43852.0	5285
43854.0	5286
43855.0	5287
93006.0	5288
60239.0	5289
43858.0	5290
43859.0	5291
60243.0	5292
93014.0	5293
93015.0	5294
93019.0	5295
93022.0	5296
43875.0	5297
11109.0	5298
43878.0	5299
76645.0	5300
43880.0	5301
43879.0	5302
93033.0	5303
60267.0	5304
60268.0	5305
27502.0	5306
60272.0	5307
93042.0	5308
43891.0	5309
11123.0	5310
93047.0	5311
11128.0	5312
93051.0	5313
60285.0	5314
11135.0	5315
11137.0	5316
43905.0	5317
93060.0	5318
27524.0	5319
11143.0	5320
76684.0	5321
11149.0	5322
11152.0	5323
93074.0	5324
11155.0	5325
76692.0	5326
76693.0	5327
93075.0	5328
93079.0	5329
11160.0	5330
11161.0	5331
11162.0	5332
60315.0	5333
27549.0	5334
60318.0	5335
93089.0	5336
27556.0	5337
93093.0	5338
60327.0	5339
11178.0	5340
60332.0	5341
60336.0	5342
11187.0	5343
27571.0	5344
11192.0	5345
93112.0	5346
11196.0	5347
11197.0	5348
11198.0	5349
60351.0	5350
60352.0	5351
11205.0	5352
27590.0	5353
11207.0	5354
76745.0	5355
11210.0	5356
76747.0	5357
27593.0	5358
93132.0	5359
76752.0	5360
27601.0	5361
76754.0	5362
60369.0	5363
76757.0	5364
93142.0	5365
76759.0	5366
11224.0	5367
60374.0	5368
93144.0	5369
93145.0	5370
93146.0	5371
43999.0	5372
76771.0	5373
27619.0	5374
44006.0	5375
76775.0	5376
11240.0	5377
11241.0	5378
27629.0	5379
44019.0	5380
27635.0	5381
27636.0	5382
44027.0	5383
27643.0	5384
76797.0	5385
60415.0	5386
76800.0	5387
11266.0	5388
76806.0	5389
76809.0	5390
76811.0	5391
11276.0	5392
76815.0	5393
76816.0	5394
60432.0	5395
93203.0	5396
44052.0	5397
27669.0	5398
27671.0	5399
27673.0	5400
76827.0	5401
60443.0	5402
76830.0	5403
11295.0	5404
27680.0	5405
93219.0	5406
76837.0	5407
11301.0	5408
93223.0	5409
76840.0	5410
93224.0	5411
93226.0	5412
76845.0	5413
11323.0	5414
27712.0	5415
11331.0	5416
76872.0	5417
27720.0	5418
76878.0	5419
93262.0	5420
76880.0	5421
11344.0	5422
44113.0	5423
93263.0	5424
93265.0	5425
27731.0	5426
93273.0	5427
76891.0	5428
11356.0	5429
93276.0	5430
60510.0	5431
11359.0	5432
27745.0	5433
44138.0	5434
60522.0	5435
93295.0	5436
76913.0	5437
76914.0	5438
93297.0	5439
60531.0	5440
60533.0	5441
44157.0	5442
27774.0	5443
76929.0	5444
11395.0	5445
60548.0	5446
76933.0	5447
76935.0	5448
44169.0	5449
76938.0	5450
60555.0	5451
11405.0	5452
27791.0	5453
44177.0	5454
76945.0	5455
44179.0	5456
76951.0	5457
27803.0	5458
76956.0	5459
27807.0	5460
60580.0	5461
27814.0	5462
76967.0	5463
60584.0	5464
60585.0	5465
93354.0	5466
44204.0	5467
76972.0	5468
60592.0	5469
60594.0	5470
27828.0	5471
93365.0	5472
44215.0	5473
44216.0	5474
44217.0	5475
11454.0	5476
44230.0	5477
11464.0	5478
60619.0	5479
11469.0	5480
93389.0	5481
11472.0	5482
11475.0	5483
93395.0	5484
60630.0	5485
44247.0	5486
11481.0	5487
93408.0	5488
77029.0	5489
27877.0	5490
77031.0	5491
93413.0	5492
60647.0	5493
93419.0	5494
60652.0	5495
60653.0	5496
27886.0	5497
60656.0	5498
27891.0	5499
11508.0	5500
93431.0	5501
27896.0	5502
44282.0	5503
11516.0	5504
77053.0	5505
44285.0	5506
77054.0	5507
60672.0	5508
77059.0	5509
27908.0	5510
93446.0	5511
93447.0	5512
44298.0	5513
77066.0	5514
44309.0	5515
93464.0	5516
60698.0	5517
11552.0	5518
11553.0	5519
60704.0	5520
60705.0	5521
93474.0	5522
11559.0	5523
60712.0	5524
27947.0	5525
11567.0	5526
27954.0	5527
11571.0	5528
60725.0	5529
11575.0	5530
44347.0	5531
77115.0	5532
60735.0	5533
11585.0	5534
93507.0	5535
44361.0	5536
93513.0	5537
27977.0	5538
44366.0	5539
11598.0	5540
44367.0	5541
77134.0	5542
27982.0	5543
27983.0	5544
44372.0	5545
93520.0	5546
77147.0	5547
11614.0	5548
44383.0	5549
44384.0	5550
28000.0	5551
93539.0	5552
93546.0	5553
93548.0	5554
77166.0	5555
60784.0	5556
28016.0	5557
60787.0	5558
11636.0	5559
77172.0	5560
77174.0	5561
93559.0	5562
77176.0	5563
28025.0	5564
44415.0	5565
93568.0	5566
93577.0	5567
77194.0	5568
44426.0	5569
77196.0	5570
77200.0	5571
77204.0	5572
11669.0	5573
44437.0	5574
11672.0	5575
44441.0	5576
77210.0	5577
93592.0	5578
11676.0	5579
44444.0	5580
28056.0	5581
60827.0	5582
60828.0	5583
93602.0	5584
77219.0	5585
28066.0	5586
28069.0	5587
28078.0	5588
60846.0	5589
11696.0	5590
11697.0	5591
28082.0	5592
44467.0	5593
77237.0	5594
77239.0	5595
11704.0	5596
93624.0	5597
77242.0	5598
28089.0	5599
77244.0	5600
28088.0	5601
93627.0	5602
11711.0	5603
44480.0	5604
93628.0	5605
60867.0	5606
11716.0	5607
44489.0	5608
93641.0	5609
93645.0	5610
28110.0	5611
77263.0	5612
28115.0	5613
44508.0	5614
77277.0	5615
93660.0	5616
93661.0	5617
44512.0	5618
77282.0	5619
77283.0	5620
77284.0	5621
28135.0	5622
93673.0	5623
60907.0	5624
93675.0	5625
93677.0	5626
60910.0	5627
93683.0	5628
60920.0	5629
11769.0	5630
77307.0	5631
77308.0	5632
60924.0	5633
93694.0	5634
77312.0	5635
44558.0	5636
93711.0	5637
11795.0	5638
11796.0	5639
28181.0	5640
77335.0	5641
28189.0	5642
93726.0	5643
60959.0	5644
93730.0	5645
11812.0	5646
11813.0	5647
28198.0	5648
11816.0	5649
28200.0	5650
28203.0	5651
28204.0	5652
93742.0	5653
28206.0	5654
11824.0	5655
77362.0	5656
60978.0	5657
28210.0	5658
93748.0	5659
77376.0	5660
60994.0	5661
77381.0	5662
28230.0	5663
77383.0	5664
77385.0	5665
11850.0	5666
44618.0	5667
61002.0	5668
93771.0	5669
28238.0	5670
44624.0	5671
61013.0	5672
44629.0	5673
93782.0	5674
93783.0	5675
11866.0	5676
93791.0	5677
11873.0	5678
28263.0	5679
77418.0	5680
11883.0	5681
44651.0	5682
11887.0	5683
28274.0	5684
61049.0	5685
93818.0	5686
77435.0	5687
28286.0	5688
77439.0	5689
44672.0	5690
77441.0	5691
28287.0	5692
28288.0	5693
44676.0	5694
77444.0	5695
44678.0	5696
44679.0	5697
11911.0	5698
61056.0	5699
11914.0	5700
77452.0	5701
44696.0	5702
28318.0	5703
11935.0	5704
11938.0	5705
11939.0	5706
77476.0	5707
93861.0	5708
44710.0	5709
77479.0	5710
28325.0	5711
28328.0	5712
77485.0	5713
11952.0	5714
28340.0	5715
61108.0	5716
61113.0	5717
11963.0	5718
44731.0	5719
93883.0	5720
61116.0	5721
77503.0	5722
93890.0	5723
61128.0	5724
93898.0	5725
28363.0	5726
11980.0	5727
93901.0	5728
11982.0	5729
28366.0	5730
93905.0	5731
44754.0	5732
77523.0	5733
61139.0	5734
11993.0	5735
61146.0	5736
28379.0	5737
28385.0	5738
77541.0	5739
28393.0	5740
93931.0	5741
28395.0	5742
44781.0	5743
44782.0	5744
93940.0	5745
77558.0	5746
28410.0	5747
61181.0	5748
93950.0	5749
93951.0	5750
61183.0	5751
28418.0	5752
61187.0	5753
28421.0	5754
28425.0	5755
77579.0	5756
28430.0	5757
77584.0	5758
12053.0	5759
93975.0	5760
12058.0	5761
61210.0	5762
77597.0	5763
44829.0	5764
12061.0	5765
28448.0	5766
77602.0	5767
12066.0	5768
12068.0	5769
28452.0	5770
77606.0	5771
12070.0	5772
77611.0	5773
61230.0	5774
44847.0	5775
28469.0	5776
61239.0	5777
44856.0	5778
28476.0	5779
44861.0	5780
94013.0	5781
94020.0	5782
94021.0	5783
94023.0	5784
28490.0	5785
94027.0	5786
28492.0	5787
44877.0	5788
94029.0	5789
94026.0	5790
77648.0	5791
77654.0	5792
94039.0	5793
12120.0	5794
28507.0	5795
12126.0	5796
61284.0	5797
12136.0	5798
12139.0	5799
44910.0	5800
94062.0	5801
94065.0	5802
61298.0	5803
94068.0	5804
28533.0	5805
28532.0	5806
61305.0	5807
28539.0	5808
77692.0	5809
61308.0	5810
94076.0	5811
61311.0	5812
44928.0	5813
28548.0	5814
12165.0	5815
44933.0	5816
12170.0	5817
77709.0	5818
28558.0	5819
94094.0	5820
94101.0	5821
61334.0	5822
94104.0	5823
28576.0	5824
94112.0	5825
44962.0	5826
12195.0	5827
61346.0	5828
28580.0	5829
44967.0	5830
77735.0	5831
61352.0	5832
94121.0	5833
61354.0	5834
77744.0	5835
44976.0	5836
61362.0	5837
61366.0	5838
12216.0	5839
94137.0	5840
12218.0	5841
44988.0	5842
44989.0	5843
77758.0	5844
77759.0	5845
28609.0	5846
77763.0	5847
44995.0	5848
44998.0	5849
12232.0	5850
28617.0	5851
45004.0	5852
12243.0	5853
77782.0	5854
45015.0	5855
28630.0	5856
45017.0	5857
94167.0	5858
94169.0	5859
61404.0	5860
77789.0	5861
12255.0	5862
28641.0	5863
61410.0	5864
28645.0	5865
12261.0	5866
45031.0	5867
77800.0	5868
94181.0	5869
77802.0	5870
12266.0	5871
28646.0	5872
77805.0	5873
61416.0	5874
28652.0	5875
61425.0	5876
94204.0	5877
77821.0	5878
77820.0	5879
61438.0	5880
77833.0	5881
61450.0	5882
77837.0	5883
45070.0	5884
61456.0	5885
77846.0	5886
12311.0	5887
12314.0	5888
12318.0	5889
12320.0	5890
12321.0	5891
12322.0	5892
94241.0	5893
77860.0	5894
12325.0	5895
77861.0	5896
61479.0	5897
61490.0	5898
77875.0	5899
12340.0	5900
45109.0	5901
77879.0	5902
45112.0	5903
12344.0	5904
61497.0	5905
61498.0	5906
45120.0	5907
45125.0	5908
28741.0	5909
94278.0	5910
12360.0	5911
12362.0	5912
28746.0	5913
94283.0	5914
28750.0	5915
12367.0	5916
94287.0	5917
12370.0	5918
28754.0	5919
12378.0	5920
77918.0	5921
77922.0	5922
45156.0	5923
94308.0	5924
61542.0	5925
45160.0	5926
12393.0	5927
28778.0	5928
61547.0	5929
45174.0	5930
45175.0	5931
12407.0	5932
77945.0	5933
77948.0	5934
12414.0	5935
77950.0	5936
12415.0	5937
12416.0	5938
77953.0	5939
45184.0	5940
28802.0	5941
45190.0	5942
94344.0	5943
77961.0	5944
77968.0	5945
28816.0	5946
94355.0	5947
45204.0	5948
45205.0	5949
28820.0	5950
94358.0	5951
61592.0	5952
94364.0	5953
61601.0	5954
12450.0	5955
61602.0	5956
61606.0	5957
45225.0	5958
45226.0	5959
28844.0	5960
61616.0	5961
78001.0	5962
78007.0	5963
94394.0	5964
61628.0	5965
94398.0	5966
28864.0	5967
61632.0	5968
45252.0	5969
94411.0	5970
28880.0	5971
28882.0	5972
61651.0	5973
61652.0	5974
78037.0	5975
78038.0	5976
45272.0	5977
12506.0	5978
94431.0	5979
78049.0	5980
28897.0	5981
28899.0	5982
61667.0	5983
61669.0	5984
12518.0	5985
28903.0	5986
12519.0	5987
61670.0	5988
12523.0	5989
61676.0	5990
28909.0	5991
94446.0	5992
78063.0	5993
45296.0	5994
78066.0	5995
28917.0	5996
61685.0	5997
78083.0	5998
45316.0	5999
45317.0	6000
61704.0	6001
78090.0	6002
12555.0	6003
78092.0	6004
12556.0	6005
28943.0	6006
28944.0	6007
78095.0	6008
61713.0	6009
28946.0	6010
12565.0	6011
45335.0	6012
94488.0	6013
61721.0	6014
61722.0	6015
28955.0	6016
94492.0	6017
94494.0	6018
28960.0	6019
28964.0	6020
61733.0	6021
78118.0	6022
78119.0	6023
28969.0	6024
94509.0	6025
28976.0	6026
45362.0	6027
78132.0	6028
28982.0	6029
12599.0	6030
78136.0	6031
45369.0	6032
61750.0	6033
12603.0	6034
45371.0	6035
45372.0	6036
45374.0	6037
61758.0	6038
45376.0	6039
94529.0	6040
45381.0	6041
94537.0	6042
61770.0	6043
61774.0	6044
61777.0	6045
94546.0	6046
29011.0	6047
12628.0	6048
61784.0	6049
78169.0	6050
45405.0	6051
61790.0	6052
61792.0	6053
12641.0	6054
29028.0	6055
78183.0	6056
61800.0	6057
94568.0	6058
94571.0	6059
94572.0	6060
45422.0	6061
45425.0	6062
12658.0	6063
29041.0	6064
94579.0	6065
78198.0	6066
78199.0	6067
29047.0	6068
45433.0	6069
78203.0	6070
12668.0	6071
29051.0	6072
45441.0	6073
78213.0	6074
61830.0	6075
78215.0	6076
94598.0	6077
12682.0	6078
45451.0	6079
12688.0	6080
29073.0	6081
78230.0	6082
94615.0	6083
61847.0	6084
78234.0	6085
29083.0	6086
78237.0	6087
12701.0	6088
94623.0	6089
78240.0	6090
45472.0	6091
94626.0	6092
94627.0	6093
29091.0	6094
61861.0	6095
94630.0	6096
29097.0	6097
12714.0	6098
29099.0	6099
45486.0	6100
45488.0	6101
45493.0	6102
12727.0	6103
61879.0	6104
78266.0	6105
45503.0	6106
45504.0	6107
29121.0	6108
12738.0	6109
61891.0	6110
78276.0	6111
29127.0	6112
61896.0	6113
45513.0	6114
94666.0	6115
61901.0	6116
29134.0	6117
61904.0	6118
78296.0	6119
78299.0	6120
78300.0	6121
94683.0	6122
12766.0	6123
94686.0	6124
29152.0	6125
78305.0	6126
12769.0	6127
12771.0	6128
45538.0	6129
94693.0	6130
94696.0	6131
12777.0	6132
45546.0	6133
12778.0	6134
61936.0	6135
29173.0	6136
78327.0	6137
45559.0	6138
78329.0	6139
45561.0	6140
94711.0	6141
61944.0	6142
29178.0	6143
61950.0	6144
94720.0	6145
45569.0	6146
12802.0	6147
78339.0	6148
45573.0	6149
94727.0	6150
45576.0	6151
12810.0	6152
29194.0	6153
78348.0	6154
78349.0	6155
61963.0	6156
94736.0	6157
45598.0	6158
61984.0	6159
12835.0	6160
29219.0	6161
45605.0	6162
12838.0	6163
29223.0	6164
12842.0	6165
12843.0	6166
45612.0	6167
45614.0	6168
94768.0	6169
29234.0	6170
62006.0	6171
45626.0	6172
29242.0	6173
62014.0	6174
94784.0	6175
12866.0	6176
94786.0	6177
62024.0	6178
29257.0	6179
45642.0	6180
45643.0	6181
78410.0	6182
94796.0	6183
29260.0	6184
29265.0	6185
94804.0	6186
45663.0	6187
62049.0	6188
94817.0	6189
78438.0	6190
62057.0	6191
45674.0	6192
94827.0	6193
45683.0	6194
62068.0	6195
12917.0	6196
78453.0	6197
45687.0	6198
12923.0	6199
78463.0	6200
29312.0	6201
78465.0	6202
12930.0	6203
78466.0	6204
29316.0	6205
94855.0	6206
12939.0	6207
62093.0	6208
62096.0	6209
94866.0	6210
94868.0	6211
62101.0	6212
78485.0	6213
12951.0	6214
94871.0	6215
45726.0	6216
94878.0	6217
45729.0	6218
12962.0	6219
12963.0	6220
29349.0	6221
12966.0	6222
12972.0	6223
45741.0	6224
29357.0	6225
78511.0	6226
78513.0	6227
94899.0	6228
29363.0	6229
94901.0	6230
45752.0	6231
45754.0	6232
62140.0	6233
78525.0	6234
45758.0	6235
78526.0	6236
94909.0	6237
62143.0	6238
29376.0	6239
94913.0	6240
29380.0	6241
78534.0	6242
94920.0	6243
29386.0	6244
78540.0	6245
45773.0	6246
45774.0	6247
62161.0	6248
45780.0	6249
78549.0	6250
78550.0	6251
13017.0	6252
62169.0	6253
94941.0	6254
45793.0	6255
94946.0	6256
13027.0	6257
29413.0	6258
29415.0	6259
94955.0	6260
29423.0	6261
13041.0	6262
13043.0	6263
13046.0	6264
78583.0	6265
45822.0	6266
13057.0	6267
45826.0	6268
29447.0	6269
62215.0	6270
62217.0	6271
45835.0	6272
13069.0	6273
29453.0	6274
78607.0	6275
62221.0	6276
45841.0	6277
78610.0	6278
29455.0	6279
62224.0	6280
45845.0	6281
45846.0	6282
29460.0	6283
95000.0	6284
29465.0	6285
95003.0	6286
78621.0	6287
13086.0	6288
45855.0	6289
29469.0	6290
62237.0	6291
45858.0	6292
95007.0	6293
78633.0	6294
95018.0	6295
29485.0	6296
78639.0	6297
95029.0	6298
29494.0	6299
95030.0	6300
78648.0	6301
45889.0	6302
13124.0	6303
62279.0	6304
13128.0	6305
45897.0	6306
13130.0	6307
45901.0	6308
95056.0	6309
29521.0	6310
78677.0	6311
78678.0	6312
95062.0	6313
95067.0	6314
13148.0	6315
45917.0	6316
29534.0	6317
78688.0	6318
45921.0	6319
45922.0	6320
62304.0	6321
62305.0	6322
29542.0	6323
13160.0	6324
45928.0	6325
95088.0	6326
78705.0	6327
78710.0	6328
45945.0	6329
62329.0	6330
95105.0	6331
29570.0	6332
13193.0	6333
78730.0	6334
29577.0	6335
13198.0	6336
29583.0	6337
13204.0	6338
62363.0	6339
29597.0	6340
62366.0	6341
29600.0	6342
45985.0	6343
29602.0	6344
13220.0	6345
78763.0	6346
13229.0	6347
62382.0	6348
13230.0	6349
95149.0	6350
62385.0	6351
62389.0	6352
62392.0	6353
13242.0	6354
62395.0	6355
13245.0	6356
13248.0	6357
46017.0	6358
62400.0	6359
62401.0	6360
29637.0	6361
13255.0	6362
78797.0	6363
95181.0	6364
13263.0	6365
29647.0	6366
78803.0	6367
46037.0	6368
46040.0	6369
46041.0	6370
46043.0	6371
13276.0	6372
62431.0	6373
95200.0	6374
46051.0	6375
78821.0	6376
95207.0	6377
29672.0	6378
29675.0	6379
78828.0	6380
29678.0	6381
95218.0	6382
95220.0	6383
29685.0	6384
29689.0	6385
62458.0	6386
29692.0	6387
29694.0	6388
78848.0	6389
62467.0	6390
13315.0	6391
78855.0	6392
78856.0	6393
62471.0	6394
62472.0	6395
62475.0	6396
78862.0	6397
95248.0	6398
78865.0	6399
46098.0	6400
46101.0	6401
62485.0	6402
46110.0	6403
78878.0	6404
95265.0	6405
95266.0	6406
78886.0	6407
46120.0	6408
13356.0	6409
62508.0	6410
13359.0	6411
78896.0	6412
62512.0	6413
46130.0	6414
13362.0	6415
62517.0	6416
95286.0	6417
13367.0	6418
95291.0	6419
95294.0	6420
62527.0	6421
29761.0	6422
13379.0	6423
13381.0	6424
78919.0	6425
62537.0	6426
78922.0	6427
46154.0	6428
95305.0	6429
78925.0	6430
29773.0	6431
46159.0	6432
78928.0	6433
78929.0	6434
13393.0	6435
62544.0	6436
29778.0	6437
62548.0	6438
29780.0	6439
46170.0	6440
78939.0	6441
13413.0	6442
46182.0	6443
95339.0	6444
13420.0	6445
46197.0	6446
78965.0	6447
29813.0	6448
62584.0	6449
46202.0	6450
62587.0	6451
78972.0	6452
46204.0	6453
29819.0	6454
29827.0	6455
13445.0	6456
62599.0	6457
46217.0	6458
78986.0	6459
78987.0	6460
78991.0	6461
29839.0	6462
95379.0	6463
78997.0	6464
62617.0	6465
29850.0	6466
62619.0	6467
95388.0	6468
79007.0	6469
95394.0	6470
62627.0	6471
29859.0	6472
62633.0	6473
62643.0	6474
79028.0	6475
62645.0	6476
29876.0	6477
95415.0	6478
62649.0	6479
79039.0	6480
13506.0	6481
62661.0	6482
13510.0	6483
62663.0	6484
46281.0	6485
46283.0	6486
29903.0	6487
13522.0	6488
62678.0	6489
29912.0	6490
46297.0	6491
62680.0	6492
13531.0	6493
29915.0	6494
46301.0	6495
29918.0	6496
29921.0	6497
29922.0	6498
79082.0	6499
46316.0	6500
29932.0	6501
95471.0	6502
46320.0	6503
13553.0	6504
29936.0	6505
29939.0	6506
46324.0	6507
29946.0	6508
62720.0	6509
79109.0	6510
29963.0	6511
29967.0	6512
62736.0	6513
46353.0	6514
29969.0	6515
79127.0	6516
13593.0	6517
46362.0	6518
62746.0	6519
79137.0	6520
79138.0	6521
46375.0	6522
95530.0	6523
46381.0	6524
46387.0	6525
62771.0	6526
30005.0	6527
95542.0	6528
46391.0	6529
79159.0	6530
30009.0	6531
79162.0	6532
79166.0	6533
46398.0	6534
13632.0	6535
46402.0	6536
95555.0	6537
46404.0	6538
62789.0	6539
79176.0	6540
13640.0	6541
95561.0	6542
30029.0	6543
95566.0	6544
46417.0	6545
30034.0	6546
13654.0	6547
79193.0	6548
46430.0	6549
62814.0	6550
46434.0	6551
13673.0	6552
46442.0	6553
13675.0	6554
62827.0	6555
30066.0	6556
62834.0	6557
95605.0	6558
13688.0	6559
79230.0	6560
46463.0	6561
95618.0	6562
62851.0	6563
46469.0	6564
13702.0	6565
95622.0	6566
13711.0	6567
46490.0	6568
79259.0	6569
46492.0	6570
46493.0	6571
13725.0	6572
13724.0	6573
46496.0	6574
95644.0	6575
62880.0	6576
30115.0	6577
46501.0	6578
95654.0	6579
30119.0	6580
79276.0	6581
79277.0	6582
62892.0	6583
30126.0	6584
79280.0	6585
79281.0	6586
46514.0	6587
46517.0	6588
30133.0	6589
95673.0	6590
62906.0	6591
13758.0	6592
30143.0	6593
30145.0	6594
62918.0	6595
13769.0	6596
62921.0	6597
95689.0	6598
62924.0	6599
79311.0	6600
13784.0	6601
13786.0	6602
95708.0	6603
95709.0	6604
30176.0	6605
13794.0	6606
30179.0	6607
62948.0	6608
79333.0	6609
46567.0	6610
30183.0	6611
30184.0	6612
79338.0	6613
62952.0	6614
30186.0	6615
13805.0	6616
46577.0	6617
79345.0	6618
62961.0	6619
30194.0	6620
95729.0	6621
62967.0	6622
62970.0	6623
79362.0	6624
30211.0	6625
79367.0	6626
62983.0	6627
46601.0	6628
95752.0	6629
62988.0	6630
62989.0	6631
79374.0	6632
13838.0	6633
46609.0	6634
62993.0	6635
13843.0	6636
79380.0	6637
30235.0	6638
63003.0	6639
95775.0	6640
63007.0	6641
95778.0	6642
46627.0	6643
79396.0	6644
95779.0	6645
30250.0	6646
30251.0	6647
63020.0	6648
30254.0	6649
79408.0	6650
13872.0	6651
95795.0	6652
13876.0	6653
79416.0	6654
30271.0	6655
46659.0	6656
63043.0	6657
63045.0	6658
46662.0	6659
95814.0	6660
46664.0	6661
95813.0	6662
13899.0	6663
46668.0	6664
30283.0	6665
63052.0	6666
79444.0	6667
13913.0	6668
79455.0	6669
95843.0	6670
46696.0	6671
79464.0	6672
46698.0	6673
46697.0	6674
95849.0	6675
95852.0	6676
30319.0	6677
79472.0	6678
46704.0	6679
63087.0	6680
63090.0	6681
46712.0	6682
63098.0	6683
79484.0	6684
95868.0	6685
63105.0	6686
46726.0	6687
30348.0	6688
95886.0	6689
63123.0	6690
63125.0	6691
13975.0	6692
63127.0	6693
79514.0	6694
13978.0	6695
79517.0	6696
95904.0	6697
30372.0	6698
13988.0	6699
79525.0	6700
79526.0	6701
13991.0	6702
30373.0	6703
46765.0	6704
30382.0	6705
79536.0	6706
30387.0	6707
95923.0	6708
95925.0	6709
14007.0	6710
46776.0	6711
14009.0	6712
63159.0	6713
14011.0	6714
63160.0	6715
30398.0	6716
95935.0	6717
30400.0	6718
14017.0	6719
46786.0	6720
30401.0	6721
95939.0	6722
63172.0	6723
95943.0	6724
79564.0	6725
95948.0	6726
46798.0	6727
30413.0	6728
30418.0	6729
14035.0	6730
14036.0	6731
30421.0	6732
79578.0	6733
46814.0	6734
14049.0	6735
46818.0	6736
46820.0	6737
14059.0	6738
79596.0	6739
46829.0	6740
30444.0	6741
95983.0	6742
14067.0	6743
14073.0	6744
30458.0	6745
79612.0	6746
14080.0	6747
63233.0	6748
46853.0	6749
63237.0	6750
30472.0	6751
46862.0	6752
30480.0	6753
79636.0	6754
79638.0	6755
46871.0	6756
63257.0	6757
30489.0	6758
63264.0	6759
96039.0	6760
14120.0	6761
63272.0	6762
30506.0	6763
46891.0	6764
96046.0	6765
46895.0	6766
46898.0	6767
14133.0	6768
96055.0	6769
63288.0	6770
30521.0	6771
30519.0	6772
46909.0	6773
14142.0	6774
79682.0	6775
63300.0	6776
63301.0	6777
96069.0	6778
30541.0	6779
14159.0	6780
46928.0	6781
14162.0	6782
30547.0	6783
46932.0	6784
63317.0	6785
63319.0	6786
63320.0	6787
63322.0	6788
63323.0	6789
79709.0	6790
14177.0	6791
63330.0	6792
30565.0	6793
63334.0	6794
79721.0	6795
14191.0	6796
63343.0	6797
30576.0	6798
96112.0	6799
14195.0	6800
30580.0	6801
30581.0	6802
14198.0	6803
14199.0	6804
30582.0	6805
79737.0	6806
30587.0	6807
30588.0	6808
30591.0	6809
30594.0	6810
63363.0	6811
30598.0	6812
30601.0	6813
79754.0	6814
30606.0	6815
96142.0	6816
46993.0	6817
79763.0	6818
96150.0	6819
14231.0	6820
47000.0	6821
30624.0	6822
79777.0	6823
47011.0	6824
14246.0	6825
79783.0	6826
63402.0	6827
96173.0	6828
79790.0	6829
30638.0	6830
79797.0	6831
14267.0	6832
14269.0	6833
47039.0	6834
14273.0	6835
79813.0	6836
47048.0	6837
14280.0	6838
79819.0	6839
14283.0	6840
79821.0	6841
79820.0	6842
47055.0	6843
79824.0	6844
79823.0	6845
63436.0	6846
47059.0	6847
30674.0	6848
63445.0	6849
47063.0	6850
79832.0	6851
14298.0	6852
30683.0	6853
30684.0	6854
47070.0	6855
30686.0	6856
47072.0	6857
96222.0	6858
63461.0	6859
14313.0	6860
47081.0	6861
14317.0	6862
30705.0	6863
63474.0	6864
30707.0	6865
47098.0	6866
96250.0	6867
96251.0	6868
47103.0	6869
63489.0	6870
14338.0	6871
30723.0	6872
96257.0	6873
30721.0	6874
79878.0	6875
63491.0	6876
63494.0	6877
96264.0	6878
96270.0	6879
47120.0	6880
14354.0	6881
14355.0	6882
79890.0	6883
30740.0	6884
96276.0	6885
63512.0	6886
79897.0	6887
30745.0	6888
79899.0	6889
14368.0	6890
79906.0	6891
79907.0	6892
47141.0	6893
30758.0	6894
96294.0	6895
47144.0	6896
30762.0	6897
63531.0	6898
47151.0	6899
96303.0	6900
30768.0	6901
96306.0	6902
79923.0	6903
14388.0	6904
96304.0	6905
14390.0	6906
96317.0	6907
63550.0	6908
47167.0	6909
63554.0	6910
96328.0	6911
14409.0	6912
47177.0	6913
96333.0	6914
79951.0	6915
79952.0	6916
30799.0	6917
47188.0	6918
96342.0	6919
30808.0	6920
63576.0	6921
63581.0	6922
79966.0	6923
14435.0	6924
14438.0	6925
96362.0	6926
47211.0	6927
96363.0	6928
96365.0	6929
30829.0	6930
47219.0	6931
14451.0	6932
63604.0	6933
30836.0	6934
47223.0	6935
96374.0	6936
79994.0	6937
96380.0	6938
47231.0	6939
96384.0	6940
63618.0	6941
96390.0	6942
30855.0	6943
96391.0	6944
96393.0	6945
63625.0	6946
63627.0	6947
63630.0	6948
63631.0	6949
80015.0	6950
14482.0	6951
47253.0	6952
63637.0	6953
63639.0	6954
30874.0	6955
80030.0	6956
80032.0	6957
14499.0	6958
14504.0	6959
80048.0	6960
63665.0	6961
63668.0	6962
80053.0	6963
14517.0	6964
30901.0	6965
47288.0	6966
30905.0	6967
80058.0	6968
30903.0	6969
14530.0	6970
47304.0	6971
63690.0	6972
30923.0	6973
14540.0	6974
30924.0	6975
80079.0	6976
14547.0	6977
47319.0	6978
80089.0	6979
47324.0	6980
47326.0	6981
80097.0	6982
14569.0	6983
30960.0	6984
80113.0	6985
14582.0	6986
63734.0	6987
63737.0	6988
14588.0	6989
63742.0	6990
30975.0	6991
80131.0	6992
63747.0	6993
63752.0	6994
80137.0	6995
63760.0	6996
80145.0	6997
63765.0	6998
63767.0	6999
47385.0	7000
63770.0	7001
80156.0	7002
14624.0	7003
80161.0	7004
80162.0	7005
47395.0	7006
14631.0	7007
63787.0	7008
14636.0	7009
14641.0	7010
47409.0	7011
31026.0	7012
47416.0	7013
63803.0	7014
31036.0	7015
14653.0	7016
14658.0	7017
47429.0	7018
31048.0	7019
80201.0	7020
47439.0	7021
80208.0	7022
47441.0	7023
63824.0	7024
63826.0	7025
47445.0	7026
63832.0	7027
63833.0	7028
14686.0	7029
31070.0	7030
31071.0	7031
14700.0	7032
31084.0	7033
47470.0	7034
47471.0	7035
14703.0	7036
31086.0	7037
47474.0	7038
31097.0	7039
47485.0	7040
80256.0	7041
14722.0	7042
63875.0	7043
14727.0	7044
63882.0	7045
14733.0	7046
47504.0	7047
31122.0	7048
14744.0	7049
80280.0	7050
47514.0	7051
14746.0	7052
14749.0	7053
63901.0	7054
80287.0	7055
47523.0	7056
80296.0	7057
63919.0	7058
14768.0	7059
63922.0	7060
63926.0	7061
63929.0	7062
31164.0	7063
31166.0	7064
80318.0	7065
31170.0	7066
63941.0	7067
80326.0	7068
47561.0	7069
47564.0	7070
63949.0	7071
47577.0	7072
47578.0	7073
14811.0	7074
14809.0	7075
47581.0	7076
63970.0	7077
31205.0	7078
47593.0	7079
31210.0	7080
47595.0	7081
31212.0	7082
31214.0	7083
14831.0	7084
63988.0	7085
80373.0	7086
63990.0	7087
31227.0	7088
14843.0	7089
14844.0	7090
80380.0	7091
63995.0	7092
31232.0	7093
80387.0	7094
64005.0	7095
14856.0	7096
80396.0	7097
80398.0	7098
80399.0	7099
14863.0	7100
14865.0	7101
31246.0	7102
31247.0	7103
47636.0	7104
31251.0	7105
47638.0	7106
47641.0	7107
47643.0	7108
64027.0	7109
64028.0	7110
47646.0	7111
80415.0	7112
47648.0	7113
31269.0	7114
47657.0	7115
47658.0	7116
80426.0	7117
14892.0	7118
47660.0	7119
31274.0	7120
31277.0	7121
80432.0	7122
64046.0	7123
14898.0	7124
31279.0	7125
64047.0	7126
64055.0	7127
31288.0	7128
47676.0	7129
64069.0	7130
31301.0	7131
47687.0	7132
47689.0	7133
31305.0	7134
14929.0	7135
31317.0	7136
14934.0	7137
64086.0	7138
31319.0	7139
64087.0	7140
14938.0	7141
47708.0	7142
47710.0	7143
31326.0	7144
64096.0	7145
14946.0	7146
47719.0	7147
31335.0	7148
80492.0	7149
14959.0	7150
14960.0	7151
47731.0	7152
64117.0	7153
80502.0	7154
64120.0	7155
80506.0	7156
64124.0	7157
47743.0	7158
31363.0	7159
31364.0	7160
31365.0	7161
47752.0	7162
47755.0	7163
80529.0	7164
14995.0	7165
80536.0	7166
80537.0	7167
64154.0	7168
47776.0	7169
15012.0	7170
15013.0	7171
31397.0	7172
80554.0	7173
47786.0	7174
64170.0	7175
31404.0	7176
47795.0	7177
64182.0	7178
64186.0	7179
80575.0	7180
80581.0	7181
80583.0	7182
31431.0	7183
31433.0	7184
47818.0	7185
64203.0	7186
80589.0	7187
15059.0	7188
80595.0	7189
64211.0	7190
64214.0	7191
31448.0	7192
80602.0	7193
47836.0	7194
31452.0	7195
15073.0	7196
80609.0	7197
47841.0	7198
80612.0	7199
31457.0	7200
80619.0	7201
80621.0	7202
31476.0	7203
80634.0	7204
47869.0	7205
15104.0	7206
80640.0	7207
47873.0	7208
80643.0	7209
64256.0	7210
47877.0	7211
31490.0	7212
15117.0	7213
80655.0	7214
15124.0	7215
64279.0	7216
47897.0	7217
31513.0	7218
15134.0	7219
15135.0	7220
31520.0	7221
47905.0	7222
31526.0	7223
15143.0	7224
47914.0	7225
47917.0	7226
80685.0	7227
64303.0	7228
31536.0	7229
15157.0	7230
80694.0	7231
80695.0	7232
31546.0	7233
47931.0	7234
15173.0	7235
47942.0	7236
80711.0	7237
47944.0	7238
31565.0	7239
31571.0	7240
47957.0	7241
15191.0	7242
64343.0	7243
64348.0	7244
47965.0	7245
64355.0	7246
47974.0	7247
47981.0	7248
80750.0	7249
31597.0	7250
31603.0	7251
64372.0	7252
80760.0	7253
31609.0	7254
47996.0	7255
64380.0	7256
15235.0	7257
15236.0	7258
15237.0	7259
48007.0	7260
15241.0	7261
15242.0	7262
48011.0	7263
80778.0	7264
48016.0	7265
80790.0	7266
80791.0	7267
64407.0	7268
48025.0	7269
31640.0	7270
15260.0	7271
31644.0	7272
80798.0	7273
48030.0	7274
64417.0	7275
15269.0	7276
80812.0	7277
80813.0	7278
15282.0	7279
48055.0	7280
80824.0	7281
64439.0	7282
80831.0	7283
80833.0	7284
80837.0	7285
15302.0	7286
48069.0	7287
31687.0	7288
80845.0	7289
31693.0	7290
15311.0	7291
48080.0	7292
15312.0	7293
64467.0	7294
15319.0	7295
64472.0	7296
64473.0	7297
48089.0	7298
31708.0	7299
80861.0	7300
31711.0	7301
64480.0	7302
15334.0	7303
31718.0	7304
15339.0	7305
80875.0	7306
31725.0	7307
64499.0	7308
15351.0	7309
64507.0	7310
48127.0	7311
64516.0	7312
15366.0	7313
80902.0	7314
64519.0	7315
31753.0	7316
48138.0	7317
80906.0	7318
80907.0	7319
48139.0	7320
80910.0	7321
31759.0	7322
48145.0	7323
31767.0	7324
64536.0	7325
80924.0	7326
31775.0	7327
64544.0	7328
64543.0	7329
64546.0	7330
64555.0	7331
64560.0	7332
31792.0	7333
80948.0	7334
64565.0	7335
80952.0	7336
80958.0	7337
48191.0	7338
31807.0	7339
80961.0	7340
64578.0	7341
80963.0	7342
80968.0	7343
31817.0	7344
80976.0	7345
15441.0	7346
48212.0	7347
48216.0	7348
15450.0	7349
80988.0	7350
31839.0	7351
15460.0	7352
15468.0	7353
15470.0	7354
15475.0	7355
48245.0	7356
31862.0	7357
81016.0	7358
64632.0	7359
64633.0	7360
81019.0	7361
48254.0	7362
31872.0	7363
31877.0	7364
48262.0	7365
64647.0	7366
81032.0	7367
64652.0	7368
81037.0	7369
64653.0	7370
81043.0	7371
31891.0	7372
48278.0	7373
15511.0	7374
64662.0	7375
31895.0	7376
31896.0	7377
15515.0	7378
31897.0	7379
64671.0	7380
31904.0	7381
31908.0	7382
31909.0	7383
81064.0	7384
31913.0	7385
64692.0	7386
81078.0	7387
31927.0	7388
64695.0	7389
64697.0	7390
31930.0	7391
81083.0	7392
15551.0	7393
64704.0	7394
81088.0	7395
81090.0	7396
15557.0	7397
81095.0	7398
15562.0	7399
81099.0	7400
48330.0	7401
31960.0	7402
81125.0	7403
64741.0	7404
64744.0	7405
48361.0	7406
15597.0	7407
64751.0	7408
81138.0	7409
64756.0	7410
31990.0	7411
48376.0	7412
64760.0	7413
64762.0	7414
81147.0	7415
48380.0	7416
64763.0	7417
15619.0	7418
81155.0	7419
64773.0	7420
15622.0	7421
48393.0	7422
32010.0	7423
48396.0	7424
64782.0	7425
81168.0	7426
15632.0	7427
15634.0	7428
81171.0	7429
15636.0	7430
81175.0	7431
32024.0	7432
15642.0	7433
48412.0	7434
64797.0	7435
15646.0	7436
32029.0	7437
48417.0	7438
15649.0	7439
81189.0	7440
15653.0	7441
64809.0	7442
81194.0	7443
15660.0	7444
15664.0	7445
32049.0	7446
32051.0	7447
81206.0	7448
81207.0	7449
64824.0	7450
48442.0	7451
32062.0	7452
64831.0	7453
64836.0	7454
81223.0	7455
15691.0	7456
81230.0	7457
64847.0	7458
32079.0	7459
32084.0	7460
81239.0	7461
15707.0	7462
15708.0	7463
64861.0	7464
81248.0	7465
48482.0	7466
15716.0	7467
32101.0	7468
15719.0	7469
81265.0	7470
48499.0	7471
15731.0	7472
48502.0	7473
15744.0	7474
15745.0	7475
81282.0	7476
15746.0	7477
64896.0	7478
32129.0	7479
64901.0	7480
64903.0	7481
81288.0	7482
32138.0	7483
32139.0	7484
15757.0	7485
15759.0	7486
15762.0	7487
32146.0	7488
81301.0	7489
81303.0	7490
32151.0	7491
48537.0	7492
64923.0	7493
15771.0	7494
81308.0	7495
64927.0	7496
48549.0	7497
48553.0	7498
32172.0	7499
81328.0	7500
48560.0	7501
32178.0	7502
81331.0	7503
48566.0	7504
64953.0	7505
64954.0	7506
81340.0	7507
48575.0	7508
32196.0	7509
15815.0	7510
81354.0	7511
32203.0	7512
64971.0	7513
15822.0	7514
64974.0	7515
64975.0	7516
81365.0	7517
15829.0	7518
64983.0	7519
48602.0	7520
48604.0	7521
64989.0	7522
32223.0	7523
15841.0	7524
15850.0	7525
15857.0	7526
48628.0	7527
81397.0	7528
48633.0	7529
65019.0	7530
48638.0	7531
32258.0	7532
15876.0	7533
15879.0	7534
48651.0	7535
32276.0	7536
81433.0	7537
81434.0	7538
48674.0	7539
32291.0	7540
15909.0	7541
32293.0	7542
48679.0	7543
81448.0	7544
81449.0	7545
65068.0	7546
48688.0	7547
15921.0	7548
48692.0	7549
32313.0	7550
81473.0	7551
32323.0	7552
48708.0	7553
15941.0	7554
48709.0	7555
48717.0	7556
32338.0	7557
65111.0	7558
48728.0	7559
15961.0	7560
48734.0	7561
15973.0	7562
81510.0	7563
81511.0	7564
15982.0	7565
15984.0	7566
15985.0	7567
32370.0	7568
65139.0	7569
15988.0	7570
65140.0	7571
15992.0	7572
15994.0	7573
48772.0	7574
16005.0	7575
48774.0	7576
16008.0	7577
48778.0	7578
81548.0	7579
48780.0	7580
81550.0	7581
48782.0	7582
16014.0	7583
32402.0	7584
65173.0	7585
32406.0	7586
32410.0	7587
48798.0	7588
16033.0	7589
81571.0	7590
81573.0	7591
65197.0	7592
32436.0	7593
16055.0	7594
16056.0	7595
81593.0	7596
81594.0	7597
32444.0	7598
65213.0	7599
48834.0	7600
81606.0	7601
48838.0	7602
81610.0	7603
32458.0	7604
48845.0	7605
65236.0	7606
65237.0	7607
32469.0	7608
48861.0	7609
48862.0	7610
65246.0	7611
65247.0	7612
16103.0	7613
81639.0	7614
65257.0	7615
48872.0	7616
81643.0	7617
81646.0	7618
48878.0	7619
65262.0	7620
48884.0	7621
48886.0	7622
16118.0	7623
48887.0	7624
32502.0	7625
81658.0	7626
48894.0	7627
81664.0	7628
81665.0	7629
48896.0	7630
65280.0	7631
48900.0	7632
32513.0	7633
65282.0	7634
32515.0	7635
32521.0	7636
48908.0	7637
16140.0	7638
81677.0	7639
48912.0	7640
32530.0	7641
16148.0	7642
65304.0	7643
16153.0	7644
32540.0	7645
16157.0	7646
48927.0	7647
16164.0	7648
65318.0	7649
32555.0	7650
16172.0	7651
65323.0	7652
81712.0	7653
81713.0	7654
32560.0	7655
32563.0	7656
81716.0	7657
32568.0	7658
16186.0	7659
81723.0	7660
65341.0	7661
16190.0	7662
32578.0	7663
81738.0	7664
81739.0	7665
81756.0	7666
81757.0	7667
32605.0	7668
65376.0	7669
32613.0	7670
49004.0	7671
32625.0	7672
81778.0	7673
32627.0	7674
81780.0	7675
49013.0	7676
32630.0	7677
16249.0	7678
81786.0	7679
81787.0	7680
81788.0	7681
65405.0	7682
65406.0	7683
32641.0	7684
65411.0	7685
32644.0	7686
81798.0	7687
81799.0	7688
81800.0	7689
32648.0	7690
16266.0	7691
65416.0	7692
32653.0	7693
49042.0	7694
65426.0	7695
65431.0	7696
16280.0	7697
81818.0	7698
49058.0	7699
32681.0	7700
81836.0	7701
49068.0	7702
16302.0	7703
65453.0	7704
49072.0	7705
16307.0	7706
49077.0	7707
81846.0	7708
49080.0	7709
81851.0	7710
16315.0	7711
32700.0	7712
32704.0	7713
81857.0	7714
32705.0	7715
16323.0	7716
32717.0	7717
65491.0	7718
32725.0	7719
16342.0	7720
65495.0	7721
81883.0	7722
16350.0	7723
49122.0	7724
49123.0	7725
32741.0	7726
65512.0	7727
16363.0	7728
32748.0	7729
16365.0	7730
49133.0	7731
32751.0	7732
49139.0	7733
65524.0	7734
81909.0	7735
16374.0	7736
49142.0	7737
16377.0	7738
81916.0	7739
32767.0	7740
